# featExtract 1.1
Features: 2960
Scale-space location[x y z scale] orientation[o11 o12 o13 o21 o22 o23 o31 o32 o32] 2nd moment eigenvalues[e1 e2 e3] info flag[i1] descriptor[d1 .. d64]
76.693245	73.336098	15.972215	4.000504	-0.753510	-0.246187	0.609602	-0.650573	0.145582	-0.745359	0.094751	-0.958226	-0.269860	0.129168	0.091474	0.047205	0	57	0	49	1	48	2	50	3	56	35	4	5	54	6	44	7	42	8	61	9	30	10	47	11	63	39	55	12	13	14	15	16	34	17	32	18	46	19	59	20	41	37	21	22	45	38	62	23	43	24	52	25	31	26	60	27	58	51	40	28	36	53	33	29	
76.693245	73.336098	15.972215	4.000504	-0.442889	-0.335504	0.831436	0.806188	0.256754	0.533047	-0.392314	0.906374	0.156766	0.129168	0.091474	0.047205	32	60	36	41	27	43	0	23	1	61	31	48	32	2	3	4	5	47	6	28	7	63	8	9	10	53	30	56	51	39	11	29	12	45	59	26	34	38	46	24	13	40	58	35	54	14	15	16	17	25	50	18	19	57	62	20	21	44	55	37	42	52	49	33	22	
76.693245	73.336098	15.972215	4.000504	-0.442889	-0.335504	0.831436	0.602950	0.574869	0.553153	-0.663552	0.746299	-0.052311	0.129168	0.091474	0.047205	32	58	38	41	0	50	34	21	1	60	48	45	29	2	3	4	5	37	25	6	7	63	47	8	9	49	40	57	44	53	10	31	11	27	61	35	36	26	43	22	12	42	59	46	51	13	14	15	16	23	56	17	28	32	62	18	19	33	55	30	54	39	52	24	20	
76.693245	73.336098	15.972215	4.000504	-0.442889	-0.335504	0.831436	0.205307	0.864754	0.458312	-0.872753	0.373681	-0.314109	0.129168	0.091474	0.047205	32	56	39	33	0	52	47	1	2	57	53	49	29	3	4	5	6	27	28	7	8	59	62	9	10	42	43	51	31	55	45	11	12	34	63	36	32	24	37	13	14	41	61	44	38	15	16	17	18	25	48	30	54	19	58	20	46	26	50	40	60	21	35	22	23	
89.914604	55.343128	27.508865	4.474991	-0.668593	0.289932	0.684780	-0.484531	0.528700	-0.696926	-0.564104	-0.797757	-0.213004	0.159167	0.085093	0.066664	0	50	20	38	37	62	27	42	36	63	28	54	0	1	2	3	4	56	48	24	33	51	35	32	39	61	49	25	5	26	6	7	8	52	9	53	34	40	10	45	30	46	11	60	12	13	14	15	16	55	43	41	19	58	21	44	23	59	57	47	17	29	22	31	18	
89.914604	55.343128	27.508865	4.474991	0.577886	0.816116	0.001508	0.614137	-0.436082	0.657775	0.537479	-0.379193	-0.753213	0.159167	0.085093	0.066664	32	41	56	27	53	32	36	30	39	54	48	44	58	0	25	1	2	38	57	17	33	34	50	3	26	59	46	43	37	24	47	4	22	31	63	19	29	16	35	18	40	49	61	28	52	5	6	7	8	55	62	9	10	51	42	11	20	60	45	23	21	12	13	14	15	
89.914604	55.343128	27.508865	4.474991	0.577886	0.816116	0.001508	0.791486	-0.560894	0.242793	0.198994	-0.139113	-0.970077	0.159167	0.085093	0.066664	32	36	57	19	47	28	51	23	40	48	44	52	55	0	33	1	32	38	56	2	31	3	54	4	26	50	61	35	20	5	41	6	7	37	43	25	62	34	21	27	49	42	59	46	58	8	9	10	11	39	63	12	29	13	45	14	30	53	60	22	24	15	16	17	18	
79.532845	49.849323	29.597363	3.975631	-0.744232	0.638257	0.196841	0.142525	0.439675	-0.886777	0.652537	0.631913	0.418188	0.157305	0.070818	0.031191	0	22	0	20	23	62	21	58	26	49	1	38	43	63	2	37	24	18	28	17	30	61	40	48	32	41	33	44	53	54	29	45	42	3	4	5	6	46	31	60	7	51	8	55	25	35	9	50	19	39	10	27	11	57	34	56	12	59	13	47	14	52	15	36	16	
79.532845	49.849323	29.597363	3.975631	-0.840375	-0.357008	0.407817	0.148390	0.572127	0.806630	-0.521296	0.738388	-0.427825	0.157305	0.070818	0.031191	32	63	54	17	26	0	46	1	33	60	48	42	51	2	19	3	4	25	55	18	23	44	56	5	6	52	50	49	43	36	31	15	7	59	35	30	21	27	41	29	47	62	34	53	39	8	9	10	11	58	57	24	22	28	37	16	40	61	45	38	32	20	12	13	14	
123.338646	111.911629	42.376225	3.764219	-0.792589	0.530338	0.300905	-0.438113	-0.838536	0.323904	-0.424098	-0.124893	-0.896963	0.203704	0.086417	0.062410	0	49	39	45	53	29	16	24	0	54	26	51	40	58	1	20	2	57	60	3	4	27	30	5	6	61	37	19	7	48	8	41	28	43	23	46	42	55	9	44	22	56	31	59	38	47	10	25	11	62	50	12	34	36	13	33	18	63	32	17	14	35	15	52	21	
123.338646	111.911629	42.376225	3.764219	0.629134	0.643904	0.435405	0.627529	-0.751303	0.204331	0.458691	0.144678	-0.876739	0.203704	0.086417	0.062410	32	23	43	38	61	30	33	0	35	62	50	55	44	1	24	2	3	59	51	4	42	41	27	5	6	63	57	7	29	8	9	10	31	32	28	56	39	34	11	25	12	37	45	58	46	13	26	14	36	48	52	15	60	40	16	17	18	54	49	19	47	20	22	21	53	
123.338646	111.911629	42.376225	3.764219	0.629134	0.643904	0.435405	-0.575483	0.009316	0.817761	0.522503	-0.765050	0.376417	0.203704	0.086417	0.062410	32	32	35	36	53	0	1	34	24	48	44	42	57	33	29	2	3	60	38	26	47	43	4	28	5	50	37	59	62	22	6	7	8	49	61	52	9	10	11	40	12	45	46	56	13	30	51	14	15	54	39	58	16	25	17	41	18	55	19	63	31	27	23	20	21	
123.338646	111.911629	42.376225	3.764219	0.629134	0.643904	0.435405	-0.055148	0.595718	-0.801298	-0.775338	0.480112	0.410297	0.203704	0.086417	0.062410	32	0	26	58	60	1	2	3	41	4	29	47	61	5	6	49	7	33	37	52	51	8	28	9	39	40	43	57	48	10	11	46	12	13	14	62	36	15	32	34	38	16	63	53	50	17	35	18	24	55	54	42	25	19	30	20	31	56	59	45	44	21	22	27	23	
132.476517	119.540543	42.722897	3.684270	0.259101	-0.883712	-0.389769	-0.376215	-0.464019	0.801966	-0.889567	-0.061153	-0.452693	0.170307	0.134386	0.012043	0	51	0	30	1	47	2	50	52	35	3	33	4	31	5	49	63	6	7	34	8	56	9	54	41	36	10	11	12	62	13	57	39	42	14	15	28	53	16	60	40	61	17	18	19	59	20	38	37	21	22	32	29	55	23	45	48	43	24	25	26	46	27	44	58	
132.476517	119.540543	42.722897	3.684270	-0.793957	-0.578993	-0.185471	-0.442629	0.341347	0.829193	-0.416787	0.740439	-0.527294	0.170307	0.134386	0.012043	32	24	54	42	21	25	61	0	1	52	43	60	23	29	41	2	3	27	55	4	46	31	59	5	6	50	62	7	8	26	44	9	22	40	63	33	34	47	39	10	11	45	51	35	38	28	53	12	13	36	58	14	48	49	32	15	16	57	56	17	18	30	37	19	20	
132.476517	119.540543	42.722897	3.684270	-0.557578	0.185902	0.809041	-0.742769	-0.546917	-0.386233	0.370677	-0.816285	0.443032	0.170307	0.134386	0.012043	32	62	36	45	57	25	21	0	1	60	32	29	53	38	2	3	4	58	43	41	40	39	24	5	6	56	52	44	37	7	8	9	10	47	26	63	28	23	33	11	12	54	30	59	42	34	13	14	15	48	51	46	31	27	55	16	17	61	49	50	35	18	19	22	20	
132.476517	119.540543	42.722897	3.684270	-0.557578	0.185902	0.809041	0.794218	0.403003	0.454760	-0.241505	0.896119	-0.372353	0.170307	0.134386	0.012043	32	38	51	27	56	0	1	32	49	46	44	33	63	2	24	3	4	36	62	23	43	5	6	34	30	48	58	35	54	7	8	9	29	45	37	42	59	10	11	12	40	39	50	52	55	13	14	15	16	57	41	31	61	17	18	19	26	53	25	28	60	20	21	22	47	
132.476517	119.540543	42.722897	3.684270	0.326302	0.422866	0.845406	-0.863518	-0.230473	0.448574	0.384530	-0.876394	0.289949	0.170307	0.134386	0.012043	32	48	54	0	1	58	31	2	3	44	61	4	5	59	6	7	8	50	51	27	33	42	45	9	10	41	57	11	12	49	13	40	14	47	30	28	15	53	56	16	17	62	52	39	26	34	25	18	19	38	36	43	37	60	46	20	21	55	63	22	23	35	32	29	24	
70.592171	105.228531	44.598286	4.321696	-0.709296	-0.484400	0.512109	0.666264	-0.223448	0.711452	-0.230198	0.845830	0.481229	0.278655	0.057595	0.020610	0	48	0	57	1	58	2	38	3	36	4	63	5	6	7	32	8	9	10	29	11	62	30	33	28	12	13	59	14	51	15	53	16	40	41	54	46	55	45	17	35	43	42	60	47	18	19	20	21	22	27	39	31	56	49	34	44	23	24	61	37	50	25	52	26	
70.592171	105.228531	44.598286	4.321696	0.661124	-0.631030	0.405852	-0.558971	-0.053439	0.827464	-0.500466	-0.773916	-0.388057	0.278655	0.057595	0.020610	32	47	36	0	1	57	50	2	3	63	31	45	35	4	5	6	7	33	26	8	9	54	52	40	25	51	37	59	53	39	32	23	10	38	55	11	12	43	58	13	14	48	60	42	56	15	16	17	18	27	29	19	20	49	61	34	21	28	41	46	62	30	44	24	22	
134.527390	114.902069	44.862450	4.001334	0.152418	0.930278	0.333693	-0.326385	0.366074	-0.871471	-0.932868	0.023915	0.359425	0.160904	0.146177	0.014685	0	48	0	1	2	58	3	36	51	37	4	5	6	39	27	47	60	31	7	8	9	55	10	57	59	56	11	12	13	42	25	61	41	33	29	14	26	45	15	63	28	54	16	17	18	53	34	35	49	30	19	20	32	62	21	50	40	46	22	23	24	43	44	52	38	
134.527390	114.902069	44.862450	4.001334	0.317564	0.423619	0.848351	-0.862626	-0.242431	0.443964	0.393738	-0.872796	0.288437	0.160904	0.146177	0.014685	32	49	32	25	21	57	47	0	1	56	55	33	22	53	27	2	3	35	48	40	45	54	36	4	5	42	63	6	7	38	19	44	8	29	52	28	23	39	60	9	10	46	51	34	24	31	58	11	12	37	62	30	13	43	41	14	15	59	50	16	17	20	61	26	18	
134.527390	114.902069	44.862450	4.001334	-0.591897	0.010945	0.805939	-0.645488	-0.605260	-0.465839	0.482704	-0.795953	0.365316	0.160904	0.146177	0.014685	32	49	29	62	46	20	27	0	1	54	39	51	52	40	2	3	4	45	56	53	36	23	41	5	6	32	61	47	34	7	8	38	33	31	57	60	35	9	28	10	11	22	63	50	43	21	37	12	13	26	59	25	55	14	30	15	16	48	58	42	44	17	18	24	19	
134.527390	114.902069	44.862450	4.001334	-0.591897	0.010945	0.805939	0.747851	0.380406	0.544069	-0.300629	0.924755	-0.233346	0.160904	0.146177	0.014685	32	57	23	46	54	0	1	17	33	47	36	39	61	2	35	3	4	59	38	49	43	5	6	21	24	48	42	63	34	7	8	40	29	37	44	28	62	9	10	19	45	51	32	53	55	25	27	11	12	58	50	26	56	13	14	20	22	60	31	30	52	15	16	18	41	
134.527390	114.902069	44.862450	4.001334	-0.808893	-0.481765	-0.337038	0.011817	-0.586442	0.809905	-0.587837	0.651144	0.480062	0.160904	0.146177	0.014685	32	63	21	28	40	54	0	1	2	51	32	41	52	57	3	26	4	46	30	44	38	58	5	6	7	60	29	33	35	55	8	9	10	48	45	22	34	61	11	12	13	62	37	25	36	50	24	14	15	47	42	56	39	53	16	17	18	59	23	19	27	49	31	20	43	
134.527390	114.902069	44.862450	4.001334	-0.808893	-0.481765	-0.337038	-0.019034	0.594393	-0.803950	0.587647	-0.643894	-0.489970	0.160904	0.146177	0.014685	32	38	56	42	47	0	1	2	53	26	20	22	59	43	3	32	49	31	21	46	48	4	5	6	61	37	25	33	63	7	8	23	50	39	44	30	45	9	10	11	58	36	35	29	60	12	13	14	55	40	27	24	62	15	16	17	54	52	41	34	51	18	28	19	57	
134.527390	114.902069	44.862450	4.001334	-0.808893	-0.481765	-0.337038	0.559948	-0.806042	-0.191716	-0.179305	-0.343801	0.921765	0.160904	0.146177	0.014685	32	33	38	46	22	0	1	63	2	41	43	60	23	28	3	50	4	25	37	61	30	5	6	56	7	34	48	52	36	8	9	58	10	49	44	51	39	11	12	55	13	24	32	59	14	35	40	47	15	29	42	45	54	16	17	57	18	31	27	62	26	19	21	53	20	
134.527390	114.902069	44.862450	4.001334	-0.808893	-0.481765	-0.337038	0.581972	-0.574483	-0.575567	0.083666	-0.661719	0.745069	0.160904	0.146177	0.014685	32	49	20	48	15	0	1	61	18	38	30	63	24	2	3	52	19	26	40	62	31	4	5	55	6	32	53	50	37	7	8	56	34	33	36	45	57	9	10	54	16	21	22	60	23	28	43	47	25	27	39	46	41	11	12	59	17	29	35	58	44	13	14	51	42	
133.431961	116.135231	44.454288	4.097537	0.082040	0.928666	0.361730	-0.387906	0.364087	-0.846741	-0.918041	-0.070851	0.390104	0.179620	0.160842	0.015703	0	56	0	33	1	51	2	36	44	32	3	4	5	37	25	50	63	27	6	7	8	60	9	58	52	47	10	11	12	57	13	59	41	40	31	29	26	39	14	62	28	54	15	16	17	55	35	43	38	24	18	19	34	61	20	42	48	46	21	22	23	45	30	53	49	
133.431961	116.135231	44.454288	4.097537	0.331094	0.423820	0.843062	-0.859773	-0.232640	0.454608	0.388802	-0.875360	0.287364	0.179620	0.160842	0.015703	32	46	38	24	0	63	31	1	2	49	61	27	3	58	4	5	6	37	44	33	56	48	35	7	8	32	62	9	10	40	21	54	11	34	47	28	22	42	60	12	13	52	50	36	23	26	55	14	15	39	57	45	25	43	41	16	17	59	51	18	19	29	53	30	20	
133.431961	116.135231	44.454288	4.097537	-0.808513	-0.537982	-0.238499	-0.406948	0.218377	0.886964	-0.425088	0.814179	-0.395491	0.179620	0.160842	0.015703	32	41	53	40	16	20	61	0	1	55	28	48	21	59	26	2	3	63	42	27	23	24	51	4	5	49	60	6	7	22	39	17	34	29	58	31	32	46	52	8	9	38	54	35	36	37	56	10	11	44	57	12	50	47	43	13	14	62	33	15	18	30	45	19	25	
133.431961	116.135231	44.454288	4.097537	-0.597746	0.021170	0.801406	-0.634711	-0.623167	-0.456951	0.489736	-0.781802	0.385933	0.179620	0.160842	0.015703	32	48	32	58	57	20	24	0	1	52	43	38	51	46	2	3	4	49	50	55	40	23	34	5	6	25	60	47	33	7	8	41	42	36	54	63	29	9	21	10	11	30	61	56	39	26	22	12	13	27	62	28	53	14	31	15	16	45	59	44	35	17	18	37	19	
133.431961	116.135231	44.454288	4.097537	-0.597746	0.021170	0.801406	0.757297	0.342931	0.555788	-0.263061	0.939122	-0.221018	0.179620	0.160842	0.015703	32	57	34	36	58	0	1	2	33	45	37	32	59	26	47	3	4	60	41	38	46	5	6	7	24	50	42	63	43	8	9	28	23	39	44	31	62	10	11	12	40	52	29	49	53	35	13	14	22	61	51	21	54	15	16	17	27	56	25	30	55	18	19	20	48	
91.539574	73.032425	45.344280	3.961136	-0.805167	0.371388	0.462360	0.188496	0.899469	-0.394240	-0.562294	-0.230276	-0.794228	0.258983	0.088954	0.052957	0	0	34	36	42	1	26	48	50	56	44	51	53	2	18	28	22	25	43	37	58	3	30	33	54	61	55	41	52	4	5	6	7	8	29	60	32	9	17	57	35	45	21	59	27	16	38	23	20	31	19	63	40	10	15	46	39	49	11	62	47	12	13	14	24	
91.539574	73.032425	45.344280	3.961136	0.797148	-0.138269	0.587738	-0.432959	-0.809374	0.396812	0.420834	-0.570785	-0.705056	0.258983	0.088954	0.052957	32	47	30	55	37	50	0	34	48	57	38	63	39	1	2	3	4	60	52	5	6	53	7	8	9	56	59	33	26	32	10	28	11	58	12	51	13	45	14	35	15	27	24	61	54	16	17	25	18	36	42	29	19	49	43	44	20	41	62	40	46	23	21	31	22	
91.539574	73.032425	45.344280	3.961136	0.797148	-0.138269	0.587738	0.553603	0.555913	-0.620068	-0.240996	0.819660	0.519691	0.258983	0.088954	0.052957	32	0	27	1	55	2	37	3	51	34	36	59	57	29	26	23	4	5	48	6	52	7	49	8	39	60	54	40	28	9	32	10	11	12	31	43	61	13	24	35	56	25	46	45	62	14	30	15	16	50	58	17	44	47	33	18	41	53	63	38	42	19	20	21	22	
103.754318	101.947670	45.642929	3.874965	-0.871273	0.068103	-0.486051	-0.485648	0.023467	0.873839	0.070917	0.997402	0.012628	0.291602	0.062419	0.021775	0	0	1	2	27	3	4	62	51	56	5	6	7	49	8	57	47	48	9	45	10	11	12	60	13	61	14	32	15	38	16	33	17	18	19	20	21	46	54	58	52	59	40	22	44	41	35	39	43	42	36	37	28	23	24	63	29	55	50	34	53	25	26	31	30	
103.754318	101.947670	45.642929	3.874965	-0.680185	-0.611074	0.404890	-0.733033	0.569475	-0.371970	-0.003274	-0.549806	-0.835286	0.291602	0.062419	0.021775	32	0	1	29	32	2	3	53	59	52	54	24	28	25	27	45	47	4	30	33	44	5	6	38	61	58	56	50	46	7	8	23	9	34	49	10	37	11	39	12	62	63	42	13	31	14	15	16	41	35	36	40	55	17	26	18	57	60	43	51	48	19	20	21	22	
103.754318	101.947670	45.642929	3.874965	-0.680185	-0.611074	0.404890	-0.602672	0.151742	-0.783429	0.417294	-0.776893	-0.471490	0.291602	0.062419	0.021775	32	21	0	22	29	44	1	58	51	42	62	23	39	26	19	41	28	30	27	48	45	2	3	40	60	50	57	53	46	4	5	6	7	8	24	9	43	10	11	36	63	49	59	33	32	12	25	37	52	35	38	34	55	13	14	20	54	61	56	31	47	15	16	17	18	
37.974274	110.732246	46.985004	4.362215	-0.464016	0.844018	0.268930	-0.441059	-0.483416	0.756159	-0.768216	-0.232256	-0.596574	0.160312	0.095778	0.017572	0	57	34	56	42	31	0	1	2	45	36	44	40	62	3	4	5	61	29	55	24	47	6	7	8	63	39	48	9	38	10	11	12	59	13	58	30	28	14	15	26	54	16	46	35	52	17	27	32	51	18	41	53	37	19	20	50	49	23	33	60	43	21	22	25	
37.974274	110.732246	46.985004	4.362215	0.179728	0.585922	0.790185	0.800682	-0.553793	0.228521	0.571494	0.591616	-0.568670	0.160312	0.095778	0.017572	32	61	50	45	28	29	24	0	1	51	38	32	44	54	16	42	34	58	47	33	40	37	26	2	3	46	53	4	17	62	22	5	15	63	41	35	30	23	25	6	7	59	49	19	36	52	21	14	8	57	20	43	55	31	27	9	13	56	12	18	60	39	10	11	48	
37.974274	110.732246	46.985004	4.362215	0.787364	0.164532	0.594127	0.580598	-0.521930	-0.624896	0.207278	0.836970	-0.506476	0.160312	0.095778	0.017572	32	27	40	62	55	19	23	0	1	45	35	38	41	47	52	17	2	42	59	48	34	3	4	5	6	26	44	46	39	7	18	24	57	22	63	61	37	8	25	9	10	60	29	51	28	53	32	21	20	54	56	36	50	11	12	13	14	43	33	49	31	15	16	58	30	
37.974274	110.732246	46.985004	4.362215	0.787364	0.164532	0.594127	-0.458728	0.800200	0.386327	-0.411858	-0.576723	0.705524	0.160312	0.095778	0.017572	32	51	33	55	58	0	1	2	3	34	40	28	41	62	29	4	5	60	46	59	30	6	7	8	21	49	47	32	56	25	22	9	39	43	36	57	48	23	10	11	12	54	38	50	31	44	13	14	26	61	53	37	45	15	16	17	27	42	35	24	52	20	18	19	63	
105.426689	95.160011	47.389824	4.278497	-0.888824	-0.144807	-0.434767	-0.387107	-0.270468	0.881473	-0.245234	0.951776	0.184343	0.329974	0.090093	0.069212	0	0	34	1	28	2	38	48	60	36	3	50	4	5	6	61	52	29	7	8	9	27	10	63	54	62	11	33	12	43	13	46	30	22	18	45	44	14	59	23	51	53	20	47	39	37	24	31	42	35	25	15	32	49	56	57	41	58	40	26	55	21	16	19	17	
105.426689	95.160011	47.389824	4.278497	-0.816739	-0.554441	0.159789	-0.419336	0.380123	-0.824417	0.396352	-0.740339	-0.542959	0.329974	0.090093	0.069212	32	29	31	0	1	47	2	58	55	36	63	25	3	21	30	48	27	34	46	33	52	4	5	40	59	49	61	23	43	6	7	17	20	32	22	51	39	8	9	35	56	60	19	50	18	24	10	37	11	38	45	54	57	12	13	14	53	62	41	44	42	28	15	26	16	
105.426689	95.160011	47.389824	4.278497	-0.816739	-0.554441	0.159789	-0.576856	0.790937	-0.204098	-0.013222	-0.258870	-0.965822	0.329974	0.090093	0.069212	32	25	32	29	31	0	55	41	57	49	27	52	26	18	20	40	44	37	42	15	14	13	30	53	59	63	56	1	16	24	23	17	21	34	33	43	62	2	36	3	50	60	4	58	22	35	5	19	6	45	54	7	47	8	51	9	48	61	39	38	46	10	11	28	12	
105.426689	95.160011	47.389824	4.278497	-0.816739	-0.554441	0.159789	0.575717	-0.801555	0.161432	0.038575	0.223841	0.973862	0.329974	0.090093	0.069212	32	46	0	55	48	47	1	51	2	45	41	39	61	3	28	4	5	62	42	36	34	49	6	40	7	20	59	24	60	8	22	9	33	14	10	43	38	58	53	32	17	15	11	54	63	18	16	26	23	31	29	30	21	57	37	56	12	27	52	25	50	44	35	19	13	
48.903973	103.771919	47.987133	3.947868	-0.150754	0.981510	0.117948	0.556685	0.182882	-0.810343	0.816930	0.056503	0.573962	0.132181	0.078884	0.024874	0	46	0	25	1	63	2	37	3	62	4	26	5	57	6	48	7	43	8	33	9	61	49	10	11	60	12	42	31	40	36	13	27	55	14	28	15	51	16	56	47	58	20	30	39	45	17	53	34	41	19	23	21	59	38	35	52	44	24	22	50	32	18	29	54	
48.903973	103.771919	47.987133	3.947868	-0.169470	0.781026	0.601065	0.021820	-0.606764	0.794583	0.985294	0.147773	0.085786	0.132181	0.078884	0.024874	32	53	56	55	59	0	1	2	3	47	50	26	57	35	4	5	30	61	62	19	6	7	25	8	9	45	58	20	46	10	34	11	43	63	28	48	42	22	12	16	13	52	36	21	39	33	23	37	51	60	54	44	14	29	18	24	15	40	41	27	17	32	31	38	49	
48.903973	103.771919	47.987133	3.947868	-0.169470	0.781026	0.601065	-0.529769	-0.586472	0.612695	0.831038	-0.214592	0.513153	0.132181	0.078884	0.024874	32	43	53	56	58	0	1	2	3	40	61	41	29	4	37	21	36	62	57	49	27	5	6	7	8	51	59	48	28	9	30	10	11	47	24	63	23	12	13	33	14	32	26	46	15	31	45	42	52	60	54	38	16	19	35	17	22	39	55	34	18	20	50	25	44	
48.903973	103.771919	47.987133	3.947868	-0.169470	0.781026	0.601065	0.804565	-0.242583	0.542060	0.569171	0.575458	-0.587275	0.132181	0.078884	0.024874	32	48	62	34	57	0	1	2	3	52	49	28	59	4	5	6	24	37	60	7	53	8	9	10	36	30	41	11	56	27	22	44	51	55	40	58	54	12	13	14	15	43	39	29	61	23	16	35	38	63	46	17	25	33	18	19	20	45	31	21	26	42	32	50	47	
48.903973	103.771919	47.987133	3.947868	-0.831421	0.403659	0.381835	0.555597	0.595113	0.580648	0.007149	0.694910	-0.719061	0.132181	0.078884	0.024874	32	25	63	0	43	22	18	1	2	30	61	17	47	46	39	3	4	19	52	5	26	54	50	45	35	6	48	56	59	7	8	41	20	62	44	31	16	28	24	9	10	57	53	55	33	29	40	11	12	21	34	14	13	49	58	38	32	36	42	60	51	15	23	37	27	
48.903973	103.771919	47.987133	3.947868	-0.831421	0.403659	0.381835	-0.555452	-0.585777	-0.590202	-0.014570	-0.702797	0.711241	0.132181	0.078884	0.024874	32	0	15	33	20	30	38	58	50	52	60	42	35	29	36	22	1	16	32	46	62	2	3	24	26	31	56	48	57	4	5	41	28	27	6	53	19	37	43	49	54	59	55	51	7	23	40	8	9	45	10	63	25	11	12	18	21	47	17	61	34	13	14	39	44	
64.221329	131.318634	48.862270	3.971644	-0.697510	0.386783	0.603224	-0.642347	0.035620	-0.765586	-0.317603	-0.921483	0.223604	0.293165	0.084823	0.058512	0	0	16	1	2	20	32	47	60	17	40	3	19	37	55	43	58	29	45	28	38	4	27	41	59	33	48	22	26	34	42	63	39	36	13	14	5	25	6	51	61	50	21	23	15	52	7	49	54	62	30	44	24	8	9	35	46	56	18	31	10	53	11	57	12	
64.221329	131.318634	48.862270	3.971644	-0.608401	-0.674860	-0.417627	-0.785883	0.585648	0.198507	0.110618	0.448978	-0.886669	0.293165	0.084823	0.058512	32	14	45	9	36	56	61	24	10	37	50	34	59	0	1	13	11	2	19	17	15	33	55	26	62	46	49	48	57	3	30	12	27	44	63	20	16	38	32	40	4	54	43	39	31	22	5	47	6	18	52	35	58	23	25	51	42	60	41	53	21	7	28	29	8	
64.221329	131.318634	48.862270	3.971644	-0.608401	-0.674860	-0.417627	-0.578244	0.016517	0.815697	-0.543583	0.737761	-0.400283	0.293165	0.084823	0.058512	32	61	42	32	14	56	15	39	0	55	53	49	35	1	2	31	3	13	28	4	23	62	46	20	21	40	58	38	51	5	27	11	6	47	63	36	25	16	18	48	34	50	37	54	22	7	30	43	29	8	41	24	17	26	57	33	59	44	45	60	52	9	19	12	10	
64.221329	131.318634	48.862270	3.971644	-0.608401	-0.674860	-0.417627	-0.054314	0.560397	-0.826442	0.791769	-0.480125	-0.377600	0.293165	0.084823	0.058512	32	0	1	20	21	25	44	59	60	42	45	55	56	11	2	18	35	38	3	47	52	48	19	51	32	62	57	13	33	24	4	16	28	12	34	31	53	26	61	5	40	30	37	54	58	14	15	6	7	22	46	23	63	41	36	8	27	43	49	29	39	50	17	9	10	
64.221329	131.318634	48.862270	3.971644	-0.608401	-0.674860	-0.417627	0.575065	-0.737531	0.354046	-0.546944	-0.024761	0.836803	0.293165	0.084823	0.058512	32	63	29	47	36	18	35	15	46	37	24	49	54	28	26	0	44	41	13	62	33	14	1	55	42	52	31	56	50	2	3	4	32	39	17	5	21	59	58	30	34	48	53	45	60	19	6	7	12	27	25	16	8	43	22	61	20	57	51	40	38	23	9	10	11	
64.221329	131.318634	48.862270	3.971644	-0.608401	-0.674860	-0.417627	0.041570	-0.552601	0.832409	-0.792540	0.489078	0.364257	0.293165	0.084823	0.058512	32	63	23	46	22	27	0	38	40	39	29	50	43	1	2	15	49	52	32	34	11	42	9	62	26	58	55	36	31	3	10	14	13	53	47	4	37	30	51	19	48	33	21	56	61	28	16	5	24	17	18	6	7	59	60	44	25	54	57	45	41	35	20	8	12	
122.483551	81.230576	50.726212	3.912134	-0.448213	0.855585	0.258997	-0.411445	-0.454666	0.789932	-0.793611	-0.247494	-0.555813	0.297694	0.068256	0.038154	0	13	9	25	35	10	39	20	58	52	14	46	23	45	15	18	50	56	19	24	27	16	31	32	53	63	29	43	0	42	30	38	26	62	1	41	44	40	22	21	28	61	2	49	12	60	3	4	5	57	37	47	54	33	6	11	7	59	34	36	51	55	17	48	8	
122.483551	81.230576	50.726212	3.912134	0.428941	0.343061	0.835655	0.820750	-0.534423	-0.201894	0.377332	0.772464	-0.510803	0.297694	0.068256	0.038154	32	17	26	21	45	18	20	30	56	55	53	35	47	61	0	1	2	31	46	24	25	34	40	36	28	48	60	37	62	12	3	9	13	51	8	54	22	15	43	27	38	63	41	59	16	23	4	5	11	33	29	44	32	19	39	14	50	42	49	57	52	6	7	10	58	
122.483551	81.230576	50.726212	3.912134	0.428941	0.343061	0.835655	-0.819097	0.537786	0.199665	-0.380907	-0.770127	0.511678	0.297694	0.068256	0.038154	32	32	44	30	33	50	14	38	19	55	57	49	43	58	10	0	1	23	53	9	51	39	27	42	15	16	59	41	63	12	2	3	24	26	22	45	31	28	35	40	34	62	36	60	48	4	11	5	13	46	20	25	17	56	29	21	18	47	37	52	54	6	7	8	61	
122.483551	81.230576	50.726212	3.912134	0.428941	0.343061	0.835655	-0.895706	0.041571	0.442699	0.117133	-0.938393	0.325113	0.297694	0.068256	0.038154	32	49	36	15	52	51	14	24	18	35	57	43	60	38	50	0	1	21	32	22	48	55	31	29	9	23	40	61	56	2	3	34	12	11	30	47	10	26	39	37	20	53	63	58	8	17	41	4	5	45	28	27	19	25	46	42	13	54	33	62	44	6	7	59	16	
122.483551	81.230576	50.726212	3.912134	0.428941	0.343061	0.835655	0.592203	0.591761	-0.546913	-0.682133	0.729471	0.050669	0.297694	0.068256	0.038154	32	16	38	27	44	34	41	28	31	24	57	61	60	0	26	1	2	37	35	25	33	14	20	49	39	52	46	59	51	3	4	55	5	22	18	45	19	15	12	53	47	48	58	42	43	6	56	7	8	54	40	36	30	21	17	23	50	62	63	32	13	9	10	29	11	
89.875809	39.247799	53.562500	3.750188	-0.089611	0.995818	0.017805	-0.588799	-0.038549	-0.807359	0.803296	0.082832	-0.589791	0.295332	0.133695	0.097713	0	38	57	34	43	0	24	39	37	44	59	50	42	1	46	17	27	30	61	15	31	21	52	16	26	47	62	2	35	3	4	5	28	25	14	60	29	6	7	55	19	41	23	63	48	8	9	51	10	45	54	40	20	32	49	36	18	56	53	58	22	11	33	12	13	
89.875809	39.247799	53.562500	3.750188	0.778429	0.197099	-0.595986	0.587310	-0.563868	0.580620	-0.221618	-0.802000	-0.554690	0.295332	0.133695	0.097713	32	17	28	22	61	31	20	23	33	36	35	52	63	0	1	2	3	55	51	16	27	49	60	4	5	47	58	41	45	26	50	6	7	37	21	53	39	46	25	30	18	24	32	62	44	8	9	29	10	40	38	19	11	59	56	12	13	57	54	42	48	34	43	14	15	
89.875809	39.247799	53.562500	3.750188	0.778429	0.197099	-0.595986	-0.579604	-0.138911	-0.802971	-0.241054	0.970492	0.006107	0.295332	0.133695	0.097713	32	0	14	1	53	2	28	3	63	30	44	38	62	4	5	6	41	26	39	40	35	7	48	17	56	59	49	47	33	32	19	16	27	46	15	57	51	21	25	24	54	52	43	60	42	8	9	10	22	58	34	50	31	37	36	18	29	61	55	45	23	20	11	12	13	
57.335304	84.569260	53.437508	4.203191	-0.362103	0.806058	0.468137	0.497797	0.591827	-0.633987	0.788086	-0.003469	0.615555	0.245634	0.117990	0.050565	0	19	22	16	58	43	31	18	33	0	1	2	63	3	4	5	11	42	12	45	38	47	40	48	54	37	35	52	61	17	15	44	29	21	6	27	28	60	7	59	39	20	8	41	55	23	9	49	46	57	26	25	10	51	32	56	50	53	36	14	34	62	24	30	13	
57.335304	84.569260	53.437508	4.203191	0.555871	-0.245775	-0.794105	-0.599182	-0.780615	-0.177825	-0.576185	0.574661	-0.581185	0.245634	0.117990	0.050565	32	7	24	10	12	36	39	62	54	53	59	46	34	0	14	28	22	32	27	1	20	48	58	43	51	49	57	35	44	2	23	3	4	38	5	18	25	42	26	41	63	37	60	30	29	19	56	15	33	31	6	8	11	61	45	40	52	50	55	9	47	21	17	13	16	
57.335304	84.569260	53.437508	4.203191	0.555871	-0.245775	-0.794105	-0.828047	-0.079694	-0.554965	0.073111	0.966045	-0.247813	0.245634	0.117990	0.050565	32	0	41	8	20	28	56	50	47	39	62	38	44	1	21	2	16	22	17	9	19	42	61	60	37	34	54	49	48	14	3	7	4	10	18	25	23	45	12	63	27	43	59	36	53	32	29	31	24	33	40	6	5	51	58	52	26	35	46	15	55	13	30	11	57	
57.335304	84.569260	53.437508	4.203191	0.555871	-0.245775	-0.794105	0.761028	0.534791	0.367199	0.334432	-0.808451	0.484317	0.245634	0.117990	0.050565	32	0	1	5	42	43	40	51	60	50	15	56	46	25	8	39	24	30	16	6	27	54	63	17	22	28	37	62	36	32	33	47	10	23	9	26	13	52	55	58	31	44	45	57	35	2	3	12	11	21	7	29	19	48	59	53	34	38	41	61	49	14	18	20	4	
40.053295	94.126984	53.627003	3.801057	-0.091208	0.985701	0.141682	0.405092	0.166697	-0.898951	0.909715	0.024597	0.414504	0.233757	0.139837	0.014802	0	48	35	32	27	58	0	39	1	59	49	44	37	52	2	3	4	42	36	19	23	61	5	6	16	60	34	31	7	53	8	41	20	55	9	43	26	62	10	25	11	63	33	22	29	51	17	24	28	57	40	38	46	54	12	13	14	56	21	15	30	50	18	45	47	
40.053295	94.126984	53.627003	3.801057	0.027765	0.567494	0.822909	-0.042508	-0.821812	0.568171	0.998710	-0.050755	0.001306	0.233757	0.139837	0.014802	32	25	58	44	50	0	1	34	2	45	48	56	52	3	4	23	5	35	62	37	6	26	7	32	8	55	57	31	9	38	10	40	11	63	61	46	12	13	14	33	15	39	42	60	30	16	47	17	22	43	36	59	18	29	19	53	20	51	54	49	24	27	41	28	21	
40.053295	94.126984	53.627003	3.801057	0.027765	0.567494	0.822909	0.673997	-0.618578	0.403843	0.738212	0.543426	-0.399664	0.233757	0.139837	0.014802	32	40	32	31	63	30	0	23	1	59	43	28	47	44	2	20	3	45	34	4	58	50	24	5	18	48	49	21	57	46	19	6	7	54	53	37	52	38	8	26	9	62	35	41	51	10	11	12	27	60	61	25	33	36	13	14	29	55	39	22	42	15	16	17	56	
64.397995	33.412823	55.840420	4.062901	-0.258681	-0.167968	0.951247	-0.544820	-0.787813	-0.287267	-0.797657	0.592569	-0.112280	0.117041	0.085104	0.026625	0	63	49	38	0	25	1	28	2	58	42	27	3	54	48	44	4	33	61	26	30	5	6	7	8	24	51	9	34	47	55	10	31	62	11	59	12	37	13	41	14	40	15	36	16	56	17	57	18	60	39	50	23	45	19	32	20	43	29	35	22	53	46	52	21	
64.397995	33.412823	55.840420	4.062901	0.413789	0.640396	0.647049	0.226306	0.616083	-0.754471	-0.881796	0.458623	0.110003	0.117041	0.085104	0.026625	32	62	35	57	43	0	1	28	19	2	3	61	37	4	5	38	49	63	33	51	31	30	6	21	20	53	7	42	8	54	32	25	9	41	59	36	60	10	11	12	13	50	29	52	55	14	15	26	48	56	58	22	24	27	39	16	17	44	40	47	45	34	46	23	18	
64.397995	33.412823	55.840420	4.062901	0.413789	0.640396	0.647049	0.246172	-0.762983	0.597710	0.876458	-0.088040	-0.473361	0.117041	0.085104	0.026625	32	44	35	63	0	1	2	3	4	46	56	47	39	5	6	36	7	58	54	62	43	8	9	10	11	37	53	12	50	52	49	13	14	27	26	57	61	15	16	34	17	18	32	42	45	19	20	51	48	28	55	41	60	21	33	22	29	23	59	30	38	24	40	25	31	
64.397995	33.412823	55.840420	4.062901	0.413789	0.640396	0.647049	-0.200376	0.757389	-0.621460	-0.888048	0.127500	0.441719	0.117041	0.085104	0.026625	32	59	44	56	27	26	0	32	1	39	25	60	2	29	3	41	30	62	55	24	28	4	35	5	6	49	40	33	7	51	48	8	9	43	61	53	58	10	11	12	13	50	14	54	36	15	16	45	52	17	63	34	42	18	31	19	20	38	46	57	47	21	37	22	23	
64.397995	33.412823	55.840420	4.062901	0.413789	0.640396	0.647049	-0.253080	-0.601817	0.757474	0.874488	-0.477189	-0.086954	0.117041	0.085104	0.026625	32	19	23	56	58	0	1	38	22	45	46	39	44	2	26	47	36	60	35	59	42	3	4	5	6	55	53	29	50	48	25	7	8	32	52	31	63	20	24	9	27	10	41	11	51	12	33	30	54	43	57	34	62	21	28	13	14	40	61	15	16	49	37	17	18	
105.419991	100.032997	55.282166	3.997715	-0.872480	0.483465	0.070995	0.322317	0.678588	-0.660023	0.367274	0.552974	0.747883	0.431689	0.107264	0.069484	0	29	14	27	26	52	61	46	45	60	33	43	53	17	0	22	1	31	37	16	28	47	2	63	30	51	50	25	55	18	3	4	5	6	19	20	42	59	56	7	8	40	15	39	62	48	23	9	38	21	34	10	11	57	24	54	12	36	41	13	44	58	35	49	32	
105.419991	100.032997	55.282166	3.997715	-0.608714	0.790923	0.062520	-0.423479	-0.390533	0.817404	0.670920	0.471089	0.572662	0.431689	0.107264	0.069484	32	45	47	18	17	50	34	58	15	27	63	11	0	32	29	43	25	16	49	28	52	44	12	54	31	39	61	42	46	1	2	19	3	37	20	26	21	4	5	55	60	48	41	40	33	6	14	53	38	56	30	36	22	23	7	51	59	62	57	35	8	13	9	24	10	
105.419991	100.032997	55.282166	3.997715	-0.608714	0.790923	0.062520	-0.778177	-0.610543	0.147233	0.154622	0.040971	0.987124	0.431689	0.107264	0.069484	32	19	16	51	0	1	37	57	54	47	35	39	2	31	22	49	55	34	59	26	20	23	30	53	38	60	61	13	18	3	4	5	14	43	15	32	25	6	52	36	58	63	29	41	27	7	8	17	28	46	42	45	44	9	33	48	56	62	24	40	50	10	11	12	21	
105.419991	100.032997	55.282166	3.997715	-0.608714	0.790923	0.062520	0.786280	0.590857	0.180698	0.105977	0.159152	-0.981550	0.431689	0.107264	0.069484	32	35	33	50	45	56	47	31	0	51	38	40	61	25	11	1	2	27	52	3	37	54	34	59	4	24	43	18	62	19	5	6	7	20	36	55	46	41	57	30	28	10	15	42	63	22	21	14	16	12	49	13	26	58	48	53	8	23	39	9	44	60	32	29	17	
105.419991	100.032997	55.282166	3.997715	-0.656837	0.431118	0.618629	0.754031	0.377252	0.537697	-0.001569	0.819645	-0.572869	0.431689	0.107264	0.069484	32	27	26	53	25	43	57	17	32	37	9	63	36	16	18	0	1	33	10	14	2	46	55	49	58	61	40	54	42	24	31	30	19	44	45	47	56	52	39	21	3	15	29	41	62	22	4	13	5	11	6	12	7	59	34	48	51	38	50	28	60	35	8	23	20	
105.419991	100.032997	55.282166	3.997715	-0.656837	0.431118	0.618629	-0.045087	0.796505	-0.602949	-0.752683	-0.423932	-0.503736	0.431689	0.107264	0.069484	32	7	34	0	9	56	38	54	55	52	61	44	43	32	21	20	33	8	1	2	24	51	57	45	39	29	35	60	49	28	37	19	3	50	27	17	30	12	40	31	59	63	41	36	11	10	18	6	23	47	15	58	53	26	48	13	42	46	16	62	22	4	25	14	5	
105.419991	100.032997	55.282166	3.997715	-0.656837	0.431118	0.618629	-0.754032	-0.376020	-0.538558	0.000435	-0.820211	0.572061	0.431689	0.107264	0.069484	32	0	12	1	10	51	48	34	59	60	28	50	39	20	23	2	35	56	47	45	44	3	21	38	52	62	41	29	15	4	14	5	22	11	13	8	33	57	49	55	46	42	54	40	61	19	30	31	24	25	53	26	27	32	17	58	43	36	63	9	37	6	7	18	16	
105.419991	100.032997	55.282166	3.997715	-0.656837	0.431118	0.618629	-0.594572	0.208440	-0.776554	-0.463734	-0.877890	0.119419	0.431689	0.107264	0.069484	32	16	20	0	18	56	47	1	53	39	50	62	49	2	30	3	29	38	12	4	52	36	31	24	61	54	13	57	44	21	14	5	40	23	19	6	41	46	25	48	59	42	63	17	15	34	28	37	22	60	45	7	43	27	26	35	51	58	55	32	8	9	33	10	11	
105.419991	100.032997	55.282166	3.997715	-0.656837	0.431118	0.618629	-0.621602	-0.773993	-0.120605	0.426820	-0.463759	0.776371	0.431689	0.107264	0.069484	32	11	18	44	9	15	46	57	48	59	40	51	16	0	13	43	24	31	62	50	28	23	14	47	21	53	61	1	45	2	3	4	34	5	6	25	17	36	58	52	42	56	41	54	55	7	20	22	29	8	32	38	30	39	35	60	12	27	49	10	63	37	33	26	19	
137.781357	109.050774	55.281776	4.008865	-0.429471	0.868387	-0.247910	0.697352	0.144469	-0.702018	0.573808	0.474377	0.667616	0.233855	0.182925	0.029616	0	27	0	1	20	55	28	51	56	25	2	21	39	60	3	40	46	4	5	6	32	53	57	43	44	26	7	8	34	49	48	24	58	9	10	11	35	50	52	12	63	13	14	22	61	41	30	31	47	23	19	15	59	54	42	29	38	16	17	18	33	62	45	37	36	
137.781357	109.050774	55.281776	4.008865	-0.568643	0.747741	0.342825	-0.743048	-0.288137	-0.604033	-0.352879	-0.598215	0.719455	0.233855	0.182925	0.029616	32	40	35	31	26	54	53	0	1	47	63	33	41	23	34	2	3	58	25	61	21	29	43	4	5	52	57	46	6	20	38	7	8	37	30	27	22	62	55	18	9	59	42	44	45	19	28	10	39	60	16	36	11	50	51	12	13	56	48	14	17	24	49	15	32	
137.781357	109.050774	55.281776	4.008865	-0.789367	-0.167095	-0.590745	-0.459999	0.798232	0.388878	0.406572	0.578709	-0.706962	0.233855	0.182925	0.029616	32	29	37	56	61	0	28	1	21	2	50	48	57	20	42	3	4	47	63	26	27	30	33	38	5	36	62	52	40	6	7	32	8	34	44	53	49	23	39	9	22	10	59	45	35	24	58	11	12	60	55	41	13	31	14	15	16	54	51	43	25	17	46	18	19	
137.781357	109.050774	55.281776	4.008865	-0.789367	-0.167095	-0.590745	0.444810	-0.818879	-0.362742	-0.423136	-0.549105	0.720721	0.233855	0.182925	0.029616	32	0	39	59	56	1	2	3	31	27	42	52	51	4	5	47	6	48	54	44	33	22	7	43	24	36	45	61	8	9	10	57	25	21	26	63	46	11	38	35	32	41	53	62	34	12	30	13	20	58	60	37	28	23	14	29	15	55	49	50	16	17	18	40	19	
137.781357	109.050774	55.281776	4.008865	-0.789367	-0.167095	-0.590745	-0.608028	0.079773	0.789898	-0.084863	0.982708	-0.164568	0.233855	0.182925	0.029616	32	39	42	18	62	49	21	0	1	45	58	19	46	50	25	2	3	60	27	23	54	37	4	5	6	56	41	35	61	22	7	20	17	59	24	38	52	31	8	9	10	53	47	34	44	51	43	11	12	63	48	29	28	30	26	13	40	57	32	33	55	14	15	16	36	
49.028954	74.903809	56.102516	4.444454	-0.315124	0.948141	-0.041535	0.392536	0.090368	-0.915286	0.864067	0.304733	0.400657	0.391248	0.161702	0.031071	0	61	34	0	42	44	17	15	40	24	33	32	57	9	8	12	37	47	10	25	45	58	22	21	31	30	27	26	55	48	20	39	29	51	28	23	52	60	11	16	1	62	18	46	14	56	2	38	36	63	3	35	54	53	4	19	13	43	5	41	6	59	7	50	49	
49.028954	74.903809	56.102516	4.444454	-0.198706	0.566358	0.799847	0.569689	-0.597333	0.564489	0.797477	0.567831	-0.203955	0.391248	0.161702	0.031071	32	62	27	14	41	37	9	29	34	42	30	21	54	63	0	1	2	47	24	20	52	35	19	48	25	59	56	3	44	58	12	4	18	22	16	28	31	43	10	53	26	50	51	49	60	36	23	5	33	40	39	15	13	55	11	38	17	46	61	32	45	6	7	8	57	
49.028954	74.903809	56.102516	4.444454	-0.198706	0.566358	0.799847	-0.152269	0.788370	-0.596060	-0.968158	-0.240232	-0.070415	0.391248	0.161702	0.031071	32	12	17	34	52	22	49	8	35	21	20	58	62	54	16	37	0	24	26	9	19	27	59	11	36	53	44	63	43	13	1	33	2	31	38	51	50	30	47	15	18	23	14	56	55	3	40	4	60	32	28	42	57	41	39	10	25	45	29	46	48	5	6	7	61	
49.028954	74.903809	56.102516	4.444454	-0.770919	0.208770	0.601747	0.631747	0.130312	0.764143	0.081115	0.969244	-0.232350	0.391248	0.161702	0.031071	32	12	14	21	24	47	30	25	54	61	31	29	41	60	39	0	1	53	49	2	3	34	38	32	28	63	52	4	23	55	36	5	6	44	15	27	18	20	22	42	56	58	40	35	19	46	50	7	11	48	59	13	33	17	37	16	45	62	43	8	51	57	26	9	10	
62.249863	85.020332	56.549179	4.503327	-0.259414	0.815601	0.517203	0.562651	0.562898	-0.605451	0.784939	-0.133943	0.604922	0.366243	0.112497	0.046377	0	17	0	28	62	19	18	41	34	1	2	3	63	4	5	6	40	54	32	30	45	47	31	35	38	14	36	29	61	39	26	46	55	42	7	23	20	48	8	51	56	52	9	37	49	44	10	25	22	57	24	16	53	59	11	27	15	43	12	21	33	58	13	60	50	
62.249863	85.020332	56.549179	4.503327	0.546132	-0.243806	-0.801436	-0.597170	-0.784247	-0.168360	-0.587476	0.570540	-0.573895	0.366243	0.112497	0.046377	32	44	25	0	12	56	30	40	62	36	60	14	33	1	37	2	23	49	22	3	19	48	32	31	57	54	55	42	26	8	15	4	9	20	46	5	27	47	10	61	53	41	63	28	34	45	39	29	21	24	18	16	7	50	58	38	51	52	59	43	35	11	17	13	6	
62.249863	85.020332	56.549179	4.503327	0.546132	-0.243806	-0.801436	0.604085	0.777435	0.175144	0.580363	-0.579787	0.571861	0.366243	0.112497	0.046377	32	6	15	18	24	51	38	58	50	31	43	60	53	7	14	17	11	27	0	46	20	52	61	10	48	34	29	63	41	21	28	39	45	19	1	22	47	57	32	35	49	26	42	55	54	9	2	16	8	12	3	25	44	62	40	30	56	33	13	59	37	23	4	36	5	
62.249863	85.020332	56.549179	4.503327	0.546132	-0.243806	-0.801436	0.796385	0.447851	0.406448	0.259830	-0.860226	0.438749	0.366243	0.112497	0.046377	32	12	15	13	37	31	61	53	30	43	42	62	44	10	19	9	11	17	14	56	0	29	60	52	51	18	45	63	36	16	22	50	39	20	1	34	33	46	35	57	41	28	38	58	47	8	2	21	3	23	4	27	5	59	54	32	48	49	26	55	40	24	6	25	7	
62.249863	85.020332	56.549179	4.503327	0.546132	-0.243806	-0.801436	-0.791786	-0.462619	-0.398822	-0.273524	0.852375	-0.445693	0.366243	0.112497	0.046377	32	0	28	1	22	50	33	54	59	39	55	24	49	2	23	3	26	36	30	4	19	40	57	34	46	47	58	38	27	5	21	6	8	7	56	14	17	51	52	61	29	37	62	45	18	41	48	25	16	35	13	15	12	31	53	60	32	44	63	42	43	11	9	20	10	
67.523811	99.829498	57.818474	4.174602	-0.866028	0.484324	0.124198	-0.422715	-0.841888	0.335466	-0.267035	-0.238022	-0.933829	0.446486	0.104027	0.089102	0	18	24	0	25	57	16	50	51	43	63	1	41	21	2	26	22	29	28	3	32	45	52	4	54	49	31	59	56	36	23	15	5	42	17	6	40	39	13	46	61	53	62	7	14	8	20	27	44	60	35	48	33	34	30	19	47	58	37	55	9	10	38	11	12	
67.523811	99.829498	57.818474	4.174602	0.593180	0.797609	-0.109348	0.799210	-0.599763	-0.039336	-0.096958	-0.064059	-0.993225	0.446486	0.104027	0.089102	32	0	47	21	50	56	12	52	41	27	63	28	31	1	34	16	2	38	48	46	45	42	13	57	40	25	62	51	43	3	4	5	6	7	19	14	36	49	8	59	55	30	44	39	32	23	26	53	35	58	29	24	18	33	9	37	54	60	61	17	15	22	20	11	10	
67.523811	99.829498	57.818474	4.174602	0.593180	0.797609	-0.109348	0.588903	-0.337274	0.734465	0.548935	-0.500065	-0.669779	0.446486	0.104027	0.089102	32	12	33	27	17	0	1	61	51	48	54	40	41	2	15	38	45	30	59	19	31	3	23	57	42	53	62	4	44	29	13	5	6	49	32	21	14	7	47	28	58	63	26	25	18	39	16	20	43	55	22	52	34	24	35	36	56	60	46	37	50	8	9	10	11	
67.523811	99.829498	57.818474	4.174602	0.593180	0.797609	-0.109348	-0.802819	0.575890	-0.154377	-0.060160	0.179360	0.981942	0.446486	0.104027	0.089102	32	19	28	24	59	54	39	18	32	20	21	56	62	0	1	2	3	45	4	16	17	60	55	5	38	33	31	41	46	47	48	25	26	51	44	49	36	42	58	6	37	43	52	61	15	7	8	9	10	34	22	50	11	40	57	14	53	27	35	63	30	13	23	29	12	
86.172646	105.089600	58.832802	4.126045	-0.098408	0.988840	0.111854	0.993945	0.092145	0.059857	-0.048882	-0.117068	0.991920	0.176601	0.113812	0.069683	0	0	1	30	49	2	40	46	55	19	41	47	57	3	31	4	5	6	7	51	52	8	9	58	61	10	11	59	60	12	13	48	53	22	23	43	20	35	36	54	34	33	39	56	42	27	25	32	28	14	15	24	21	44	16	63	38	37	17	62	45	29	18	50	26	
86.172646	105.089600	58.832802	4.126045	0.767350	-0.583993	0.264815	-0.621870	-0.577046	0.529429	-0.156372	-0.570938	-0.805964	0.176601	0.113812	0.069683	32	58	56	33	0	37	46	22	1	54	61	55	42	2	3	4	5	39	48	6	7	62	53	16	8	47	57	52	21	41	25	43	18	63	9	44	10	40	11	34	12	51	27	59	29	13	15	35	26	50	20	14	19	60	30	36	24	49	45	38	17	32	23	31	28	
86.172646	105.089600	58.832802	4.126045	0.767350	-0.583993	0.264815	-0.452615	-0.785829	-0.421441	0.454218	0.203534	-0.867329	0.176601	0.113812	0.069683	32	0	50	1	42	22	63	2	47	57	55	25	52	28	36	3	4	5	45	6	7	41	61	30	29	24	53	21	37	32	34	40	26	51	62	8	38	33	31	9	10	59	58	49	46	11	12	20	13	54	60	18	17	48	44	14	19	56	39	35	23	43	15	27	16	
86.172646	105.089600	58.832802	4.126045	-0.761523	-0.552158	0.339416	0.417004	-0.818298	-0.395596	0.496175	-0.159718	0.853405	0.176601	0.113812	0.069683	32	62	57	36	17	32	29	0	1	60	58	47	49	2	3	4	5	59	48	15	6	45	51	7	8	40	54	22	38	20	44	9	21	52	31	46	18	63	24	39	10	56	55	50	37	26	16	11	12	43	13	25	14	61	42	27	35	53	23	34	19	33	30	28	41	
86.172646	105.089600	58.832802	4.126045	-0.761523	-0.552158	0.339416	0.647688	-0.628801	0.430243	-0.024137	0.547476	0.836473	0.176601	0.113812	0.069683	32	0	63	1	39	2	44	3	33	27	53	28	59	16	4	17	30	25	43	14	5	29	60	23	40	45	49	22	38	20	35	26	36	58	57	31	32	34	41	6	21	61	52	50	54	7	8	9	10	47	37	11	12	55	62	13	19	56	48	18	51	24	42	15	46	
86.172646	105.089600	58.832802	4.126045	-0.761523	-0.552158	0.339416	0.603511	-0.795042	0.060690	0.236340	0.251058	0.938676	0.176601	0.113812	0.069683	32	16	63	0	19	1	40	2	3	47	61	26	53	4	5	14	20	27	52	15	6	35	60	21	32	44	50	28	42	17	43	7	34	56	48	51	29	58	36	25	8	59	49	54	55	9	10	11	12	46	22	23	13	62	41	18	30	57	39	31	38	33	37	24	45	
135.475677	106.577347	58.673389	3.892488	-0.229751	-0.943680	-0.238082	0.669639	0.024241	-0.742291	0.706256	-0.329971	0.626356	0.231091	0.176900	0.020409	0	49	30	0	31	35	34	36	61	1	2	3	45	48	21	52	58	33	28	4	44	41	53	17	54	5	6	7	42	55	46	18	57	8	19	9	37	59	51	26	56	10	22	11	60	50	39	12	43	13	25	14	62	47	38	15	40	20	23	16	32	63	29	24	27	
135.475677	106.577347	58.673389	3.892488	-0.630996	0.664268	0.400739	-0.733166	-0.341750	-0.587941	-0.253598	-0.664797	0.702662	0.231091	0.176900	0.020409	32	40	39	28	24	59	51	0	1	56	49	31	47	19	32	18	35	60	41	38	2	52	48	3	4	29	61	5	16	6	55	7	30	42	36	25	22	46	62	8	9	57	45	26	44	10	43	11	54	33	37	27	12	34	63	13	14	50	53	15	21	17	58	23	20	
135.475677	106.577347	58.673389	3.892488	-0.783645	-0.192046	-0.590778	-0.577806	0.574573	0.579660	0.228124	0.795603	-0.561227	0.231091	0.176900	0.020409	32	32	31	63	54	13	0	1	2	25	42	60	52	27	39	20	3	53	59	14	38	18	29	37	34	47	51	41	55	24	4	21	16	46	36	43	62	23	5	6	7	45	61	40	56	8	33	9	10	57	49	19	15	35	17	44	30	58	28	50	48	11	12	26	22	
135.475677	106.577347	58.673389	3.892488	-0.783645	-0.192046	-0.590778	0.583605	-0.553453	-0.594218	-0.212851	-0.810437	0.545790	0.231091	0.176900	0.020409	32	15	20	48	58	41	38	17	32	55	46	25	57	27	23	0	1	62	42	33	47	2	3	4	24	56	40	61	45	5	6	31	7	37	14	59	52	36	35	30	19	53	43	50	49	16	18	8	26	54	63	29	34	9	10	11	13	51	60	44	22	12	21	39	28	
112.519318	109.123840	59.329552	3.995948	-0.127408	0.957320	-0.259434	-0.179197	0.235044	0.955324	-0.975528	-0.168205	-0.141603	0.363043	0.130974	0.034926	0	41	50	0	53	54	28	33	44	51	31	21	57	16	23	14	46	37	22	15	17	40	55	29	52	61	18	36	49	26	27	1	34	30	2	3	13	62	19	59	20	63	4	38	25	47	5	35	32	56	6	48	7	45	8	60	9	58	10	39	24	11	12	43	42	
