# featExtract 1.1
# Extraction Voxel Resolution (ijk) : 260 311 260
# Extraction Voxel Size (mm)  (ijk) : 0.700000 0.700000 0.700000
# Feature Coordinate Space: voxels: 1.0 0.0 0.0 0.0 0.0 1.0 0.0 0.0 0.0 0.0 1.0 0.0 0.0 0.0 0.0 1.0
Features: 7749 
Scale-space location[x y z scale] orientation[o11 o12 o13 o21 o22 o23 o31 o32 o32] 2nd moment eigenvalues[e1 e2 e3] info flag[i1] descriptor[d1 .. d64]
125.895798	92.502983	29.573483	4.444492	-0.201556	-0.201141	-0.958602	-0.972117	-0.078676	0.220906	-0.119852	0.976398	-0.179674	0.218830	0.123470	0.066254	0	62	35	0	31	57	38	18	33	44	55	14	40	61	36	17	27	47	50	1	2	32	63	3	4	52	60	5	21	30	41	6	7	45	13	20	8	59	24	48	25	51	37	46	28	53	9	39	22	43	34	23	10	49	56	42	11	54	58	16	15	29	26	19	12	
125.895798	92.502983	29.573483	4.444492	0.584064	0.792812	-0.174121	-0.811705	0.569915	-0.127798	-0.002086	0.215977	0.976396	0.218830	0.123470	0.066254	32	63	24	12	36	29	28	23	44	61	46	48	54	0	14	1	15	62	43	33	11	51	35	13	2	55	60	37	19	3	30	4	16	53	10	41	18	49	17	50	26	47	57	56	39	31	5	25	6	45	38	27	7	58	22	40	8	52	59	42	34	20	32	21	9	
125.895798	92.502983	29.573483	4.444492	-0.343826	0.843134	-0.413412	0.022847	0.447633	0.893925	0.938755	0.297910	-0.173171	0.218830	0.123470	0.066254	32	55	58	13	19	29	41	23	31	63	51	37	50	0	1	2	3	36	48	4	5	38	59	6	14	56	52	27	40	25	42	7	8	62	54	49	26	16	17	34	20	60	46	47	43	35	9	28	22	57	30	39	10	45	53	21	15	61	18	44	32	24	11	33	12	
125.895798	92.502983	29.573483	4.444492	-0.040598	0.598877	0.799811	-0.086004	0.795406	-0.599944	-0.995467	-0.093143	0.019214	0.218830	0.123470	0.066254	32	58	56	40	41	21	44	31	38	32	53	51	54	0	1	2	3	48	60	4	34	35	46	30	28	37	62	5	24	22	42	6	7	52	49	57	39	27	8	36	9	43	25	59	47	10	11	12	13	55	63	26	14	45	23	15	16	61	50	33	29	17	18	19	20	
125.895798	92.502983	29.573483	4.444492	-0.040598	0.598877	0.799811	0.666438	0.612636	-0.424898	-0.744454	0.515775	-0.423986	0.218830	0.123470	0.066254	32	57	38	49	47	19	23	24	42	26	36	45	60	0	1	2	3	63	51	4	17	37	44	5	16	58	56	22	40	18	20	6	7	55	52	59	30	34	8	33	15	54	21	53	50	9	10	31	11	61	46	41	12	48	29	39	27	62	43	25	13	35	32	28	14	
109.042526	124.597649	36.506546	3.843347	-0.914406	0.138954	-0.380203	-0.051810	-0.971687	-0.230522	-0.401470	-0.191092	0.895715	0.204505	0.146173	0.070759	0	18	0	46	38	1	19	32	54	36	40	51	55	2	3	26	37	23	4	48	34	24	5	56	57	39	6	63	47	7	8	31	44	25	9	28	33	43	10	61	53	49	50	29	58	27	11	30	42	41	12	52	13	45	14	59	22	60	35	62	15	21	16	20	17	
109.042526	124.597649	36.506546	3.843347	0.841296	-0.347816	0.413818	-0.034669	-0.798654	-0.600790	0.539462	0.491096	-0.683963	0.204505	0.146173	0.070759	32	0	42	1	58	2	41	3	43	36	32	61	51	4	34	5	50	26	47	27	37	25	57	6	7	44	60	29	33	8	46	9	10	35	62	11	49	12	45	13	30	54	52	63	48	14	15	16	17	40	59	31	18	38	53	19	20	56	39	55	21	22	28	23	24	
71.581734	199.984650	40.417259	4.086053	-0.364700	0.921703	0.132126	0.495731	0.072085	0.865480	-0.788191	-0.381139	0.483206	0.210626	0.093737	0.038361	0	37	20	58	21	23	35	57	25	27	40	62	32	0	30	50	26	34	49	43	1	2	48	53	42	36	56	59	28	3	41	31	29	4	5	52	47	51	6	54	7	8	9	63	33	22	10	39	11	24	12	44	13	55	14	60	15	46	16	61	17	45	18	38	19	
71.581734	199.984650	40.417259	4.086053	0.788033	-0.199212	0.582511	-0.598485	-0.026131	0.800708	-0.144289	-0.979608	-0.139818	0.210626	0.093737	0.038361	32	38	33	28	40	42	0	36	59	60	46	49	54	1	2	3	21	62	48	4	5	37	35	20	6	41	55	43	50	23	51	7	8	58	27	25	24	39	9	34	53	63	45	47	44	10	11	12	13	61	52	32	14	26	30	15	16	56	17	57	22	29	31	18	19	
71.581734	199.984650	40.417259	4.086053	0.788033	-0.199212	0.582511	-0.468755	-0.807542	0.357972	0.399090	-0.555149	-0.729752	0.210626	0.093737	0.038361	32	30	58	21	32	37	46	44	28	50	56	57	43	0	35	1	2	34	63	3	20	4	47	5	6	55	48	40	36	7	54	8	9	25	42	41	29	27	39	59	10	45	61	51	49	11	12	24	13	52	60	14	26	23	33	31	15	62	53	38	22	16	17	18	19	
82.126373	186.364044	44.296906	4.159993	-0.185585	-0.453162	-0.871896	0.982072	-0.115390	-0.149063	-0.033058	-0.883928	0.466452	0.187030	0.149993	0.063152	0	37	55	36	0	40	52	25	1	59	47	27	2	39	24	3	4	30	23	61	5	42	57	34	6	38	33	41	7	29	31	60	20	43	8	62	9	51	10	21	11	50	12	49	13	53	58	22	14	46	15	45	16	63	26	35	17	54	18	28	19	44	48	56	32	
82.126373	186.364044	44.296906	4.159993	0.035882	0.815679	-0.577391	-0.014545	0.578128	0.815816	0.999250	-0.020875	0.032609	0.187030	0.149993	0.063152	32	30	42	21	19	59	39	20	0	29	60	26	31	56	38	1	2	45	63	3	4	62	17	15	5	25	61	6	7	46	36	52	41	53	40	18	8	58	37	9	10	48	44	27	24	16	55	22	34	33	49	11	57	54	35	12	13	43	28	14	32	50	47	23	51	
82.126373	186.364044	44.296906	4.159993	0.035882	0.815679	-0.577391	0.634176	0.427941	0.643963	0.772356	-0.389274	-0.501928	0.187030	0.149993	0.063152	32	25	57	15	44	54	41	0	27	18	63	22	33	51	48	1	16	2	59	3	37	52	56	4	21	5	55	6	17	39	42	19	62	30	50	23	14	29	61	7	8	32	49	36	34	9	60	10	26	24	43	11	58	28	53	12	20	40	45	13	31	47	35	38	46	
86.177315	127.689842	45.616188	4.009303	-0.384680	-0.250150	0.888508	0.642618	0.618416	0.452330	-0.662618	0.744974	-0.077141	0.296058	0.140739	0.080653	0	22	0	54	59	21	1	34	44	28	26	61	47	2	3	46	42	38	58	37	51	35	4	25	20	55	56	52	36	19	5	39	6	50	7	62	41	31	8	30	9	27	24	60	33	10	11	12	13	49	29	53	14	48	15	57	16	32	40	63	43	23	17	45	18	
86.177315	127.689842	45.616188	4.009303	0.564448	-0.569162	0.597874	-0.140975	-0.780110	-0.609553	0.813341	0.259776	-0.520569	0.296058	0.140739	0.080653	32	30	35	28	63	0	1	37	21	47	32	45	58	26	2	3	4	60	52	22	49	40	5	29	19	59	56	31	39	20	6	7	8	44	24	42	50	46	9	57	18	53	25	61	54	10	11	12	13	55	48	27	33	38	34	41	23	51	62	36	43	14	15	16	17	
86.177315	127.689842	45.616188	4.009303	0.564448	-0.569162	0.597874	0.825152	0.409091	-0.389575	-0.022854	0.713232	0.700556	0.296058	0.140739	0.080653	32	24	53	32	61	30	41	0	1	2	55	33	62	3	4	5	6	36	40	38	49	44	39	27	37	42	43	52	60	22	7	8	9	45	29	63	10	34	23	11	12	48	47	58	31	13	26	14	15	35	51	46	28	50	56	20	16	59	57	54	25	21	17	18	19	
86.177315	127.689842	45.616188	4.009303	0.564448	-0.569162	0.597874	-0.588299	0.230705	0.775035	-0.579052	-0.789196	-0.204617	0.296058	0.140739	0.080653	32	44	49	24	41	26	29	20	55	43	60	36	57	0	1	2	25	59	46	33	42	3	27	4	47	48	58	37	53	5	6	7	8	19	18	63	32	23	21	39	40	51	34	61	30	9	10	11	12	38	62	54	22	13	28	31	35	45	52	56	50	14	15	16	17	
84.421066	195.709335	45.612534	3.966002	-0.722072	0.691459	-0.022289	-0.416836	-0.460552	-0.783671	0.552142	0.556576	-0.620776	0.147805	0.115822	0.030297	0	33	0	50	1	44	42	51	34	31	2	52	3	4	27	59	37	5	6	62	7	35	25	57	40	8	9	55	10	29	26	60	32	39	11	41	12	53	13	58	14	30	15	38	16	54	46	48	43	36	17	56	18	49	19	61	20	21	22	63	23	45	24	47	28	
84.421066	195.709335	45.612534	3.966002	0.414001	-0.454543	0.788666	-0.875847	-0.434941	0.209091	0.247983	-0.777314	-0.578176	0.147805	0.115822	0.030297	32	30	57	41	16	0	58	1	2	38	60	56	23	24	40	3	4	32	36	63	27	18	52	5	6	47	61	34	21	19	29	7	8	45	62	22	28	31	35	9	10	53	33	25	20	55	46	11	12	50	51	54	26	44	39	13	37	48	43	14	59	17	42	15	49	
74.156578	126.608177	46.546833	4.327955	-0.230629	-0.387602	-0.892510	0.972232	-0.129217	-0.195113	-0.039701	-0.912725	0.406640	0.153481	0.130406	0.037672	0	0	21	54	59	1	2	45	23	3	27	53	62	4	5	36	39	41	37	63	34	30	19	38	18	49	44	48	56	29	6	26	7	33	8	46	35	9	10	57	52	50	20	58	47	11	12	22	24	55	13	61	42	28	14	43	25	60	15	51	32	31	16	40	17	
74.156578	126.608177	46.546833	4.327955	0.431643	0.411135	0.802902	0.455978	-0.867446	0.199050	0.778311	0.280187	-0.561896	0.153481	0.130406	0.037672	32	21	60	19	28	36	52	0	27	61	45	46	25	29	35	1	2	30	58	3	4	54	50	5	6	56	40	42	7	43	48	8	9	57	51	38	18	53	26	22	10	31	63	39	49	23	24	20	11	32	37	12	13	59	55	16	14	44	62	34	41	33	47	17	15	
143.070969	118.587524	48.034145	3.971688	-0.481440	0.605294	0.633905	0.873233	0.393439	0.287524	-0.075367	0.691972	-0.717980	0.344447	0.266480	0.063095	0	13	27	30	50	17	37	28	55	6	0	60	56	39	9	29	36	7	48	1	2	53	63	22	32	51	3	54	40	58	31	33	16	49	38	52	45	20	10	41	44	47	23	59	25	11	21	19	4	62	61	12	26	42	35	14	24	57	8	43	5	46	18	34	15	
143.070969	118.587524	48.034145	3.971688	0.594844	-0.039799	0.802855	0.430969	-0.827305	-0.360321	0.678547	0.560341	-0.474966	0.344447	0.266480	0.063095	32	46	23	43	19	36	47	60	34	59	35	58	44	0	21	1	2	39	45	10	17	33	55	3	28	53	51	38	31	25	24	4	5	6	26	41	42	7	32	62	63	18	13	61	54	12	16	15	29	49	50	30	20	27	56	22	48	57	52	37	40	8	11	9	14	
177.765778	125.559639	49.244343	4.022682	-0.461921	-0.098010	0.881489	-0.841149	0.363567	-0.400358	0.281241	0.926398	0.250380	0.154307	0.118485	0.009649	0	0	1	43	41	2	3	48	59	4	5	6	29	7	8	52	58	9	10	11	35	40	12	53	61	31	27	36	37	38	13	57	51	14	15	16	17	42	18	62	50	19	20	47	39	44	21	60	49	45	22	46	23	55	24	56	25	32	28	33	30	54	26	63	34	
177.765778	125.559639	49.244343	4.022682	-0.208669	-0.791172	-0.574895	-0.418187	-0.459201	0.783743	-0.884068	0.403956	-0.235037	0.154307	0.118485	0.009649	32	44	57	0	31	49	33	24	1	54	59	35	45	2	3	4	5	39	48	6	7	62	38	8	9	51	61	26	32	27	10	11	12	53	55	36	13	41	40	14	15	63	43	50	37	16	17	18	19	30	46	25	28	52	60	20	21	56	58	47	34	29	42	22	23	
168.139221	127.141205	49.818100	4.416477	-0.499606	-0.397564	0.769634	-0.622298	-0.453343	-0.638143	0.602610	-0.797762	-0.020910	0.203927	0.104245	0.035197	0	0	1	40	41	2	3	57	51	4	5	38	36	6	7	54	61	8	9	32	26	48	53	55	49	10	30	11	12	39	43	56	59	13	14	15	16	17	18	58	33	19	20	34	21	44	29	62	45	22	23	50	27	25	35	63	46	42	24	52	31	47	28	60	37	
168.139221	127.141205	49.818100	4.416477	-0.564595	-0.593605	0.573468	-0.145652	-0.612242	-0.777139	0.812415	-0.522296	0.259209	0.203927	0.104245	0.035197	32	32	60	52	38	0	51	1	2	44	58	54	49	3	4	5	6	48	56	41	40	31	37	7	8	57	45	50	46	9	10	11	12	39	36	63	47	13	14	15	16	34	53	55	35	30	29	17	18	59	61	33	19	20	21	22	23	62	42	43	28	24	25	26	27	
168.139221	127.141205	49.818100	4.416477	-0.564595	-0.593605	0.573468	0.414838	0.396578	0.818923	-0.713541	0.700257	0.022344	0.203927	0.104245	0.035197	32	0	34	37	63	1	2	3	4	27	45	33	61	5	6	7	8	62	55	32	50	9	10	11	12	41	54	52	48	13	14	15	29	44	43	53	42	16	31	47	28	56	49	51	46	17	18	19	20	38	60	57	35	21	22	39	30	40	59	58	36	23	24	25	26	
168.139221	127.141205	49.818100	4.416477	-0.564595	-0.593605	0.573468	-0.794122	0.201319	-0.573447	0.224951	-0.779169	-0.585058	0.203927	0.104245	0.035197	32	40	42	58	62	0	1	2	3	53	39	35	56	4	5	6	7	54	52	30	44	47	38	8	9	55	59	37	49	10	11	12	13	63	29	41	50	14	15	16	17	61	34	48	46	18	19	20	21	60	36	45	31	32	27	28	22	51	33	57	43	23	24	25	26	
168.139221	127.141205	49.818100	4.416477	-0.564595	-0.593605	0.573468	0.785331	-0.172587	0.594533	-0.253944	0.786032	0.563618	0.203927	0.104245	0.035197	32	30	45	35	60	0	29	28	31	44	56	33	52	1	2	3	4	53	40	27	63	5	6	7	8	48	46	34	61	9	10	11	12	43	32	51	54	13	14	42	47	49	37	59	55	15	16	17	18	62	58	41	39	19	20	21	22	57	36	38	50	23	24	25	26	
84.612846	199.520447	49.815376	4.110264	-0.787244	0.602541	-0.131118	-0.126999	-0.366501	-0.921710	0.603422	0.708959	-0.365047	0.199927	0.152702	0.037693	0	0	1	54	2	30	3	63	36	25	4	57	5	41	28	48	35	27	6	61	7	56	22	49	26	8	9	62	10	38	23	39	20	24	11	47	31	29	12	59	43	13	14	40	21	58	15	45	52	34	16	46	60	51	17	44	42	18	19	55	33	32	37	53	50	
84.612846	199.520447	49.815376	4.110264	-0.818340	0.018328	0.574442	0.442935	-0.616789	0.650677	0.366235	0.786915	0.496625	0.199927	0.152702	0.037693	32	23	52	0	60	38	22	1	2	33	43	18	45	62	44	3	4	47	56	46	50	31	5	6	7	48	59	29	24	28	25	8	27	41	40	19	57	53	30	9	10	55	26	34	58	54	11	12	42	51	37	35	61	39	21	13	14	49	36	15	32	17	20	16	63	
84.612846	199.520447	49.815376	4.110264	-0.818340	0.018328	0.574442	-0.566026	-0.199038	-0.799999	0.099674	-0.979820	0.173255	0.199927	0.152702	0.037693	32	37	34	57	24	0	1	59	2	36	44	56	31	55	48	27	3	47	52	50	4	5	6	39	7	29	43	41	32	8	9	63	10	45	42	49	51	11	12	33	13	38	25	53	26	62	14	23	15	54	35	61	16	17	18	40	19	46	28	58	30	20	21	60	22	
85.233307	201.913803	50.215538	3.966489	-0.729280	0.665338	-0.159611	-0.071533	-0.306139	-0.949295	0.680465	0.680885	-0.270855	0.217763	0.159848	0.031046	0	0	1	53	2	45	28	61	32	25	3	62	4	44	5	36	27	6	7	56	8	58	9	51	10	11	12	63	13	37	14	42	15	29	16	39	43	33	17	57	49	18	19	50	26	40	31	46	59	24	20	38	60	55	21	41	47	22	23	54	30	34	35	52	48	
85.233307	201.913803	50.215538	3.966489	-0.828300	0.004443	0.560267	0.444820	-0.602791	0.662403	0.340667	0.797886	0.497315	0.217763	0.159848	0.031046	32	26	55	0	58	41	23	1	2	42	30	29	52	62	3	4	19	53	40	48	36	51	5	6	7	59	60	8	28	27	9	10	35	39	44	32	54	50	34	11	12	56	24	45	57	46	22	13	43	47	37	21	61	38	25	14	15	49	31	16	33	17	20	18	63	
85.233307	201.913803	50.215538	3.966489	-0.828300	0.004443	0.560267	-0.549685	-0.200032	-0.811069	0.108467	-0.979779	0.168129	0.217763	0.159848	0.031046	32	29	35	59	26	0	1	57	2	32	49	45	33	46	58	24	3	37	52	60	22	4	5	39	6	28	51	44	30	21	7	63	8	53	43	47	42	9	10	38	11	40	25	56	23	62	12	13	14	41	36	54	27	15	16	50	17	48	34	61	31	20	18	55	19	
76.085373	183.835281	51.299793	4.256080	-0.632412	0.624808	-0.457897	0.683194	0.171276	-0.709866	0.365103	0.761761	0.535182	0.294376	0.150015	0.027454	0	33	0	42	1	62	2	34	3	41	4	60	5	49	6	39	7	30	25	45	54	61	8	31	26	57	9	46	10	58	40	11	12	47	13	38	14	63	15	16	17	56	32	52	36	48	50	18	43	37	19	59	29	53	20	27	21	51	22	35	23	55	44	24	28	
76.085373	183.835281	51.299793	4.256080	-0.818597	0.440049	0.369128	0.538294	0.363604	0.760284	0.200346	0.821066	-0.534521	0.294376	0.150015	0.027454	32	29	30	26	31	36	62	0	1	57	46	47	52	19	43	2	25	37	38	48	42	39	55	32	3	63	44	40	18	4	27	5	6	59	23	34	22	24	56	20	7	61	21	45	28	8	53	9	50	58	49	35	33	17	51	10	11	54	41	16	15	12	60	13	14	
183.355896	185.588074	51.190056	3.853234	-0.469471	0.807085	-0.358066	0.171038	0.480982	0.859885	-0.866224	-0.342448	0.363849	0.214573	0.144905	0.026899	0	30	29	47	33	32	0	62	1	53	2	63	3	4	5	37	6	49	7	31	8	34	9	58	10	61	11	41	28	12	13	39	48	59	46	51	38	14	15	43	16	40	17	57	18	36	19	42	35	56	20	52	21	22	23	60	24	50	25	44	26	54	27	55	45	
183.355896	185.588074	51.190056	3.853234	0.844436	0.359330	0.397252	-0.200732	-0.475298	0.856621	0.496622	-0.803103	-0.329230	0.214573	0.144905	0.026899	32	25	44	26	24	30	59	0	1	32	53	40	46	36	54	2	3	38	60	56	33	23	41	4	5	45	63	6	7	21	49	8	9	57	48	34	10	52	55	11	12	62	29	37	13	50	39	14	15	58	27	43	47	35	42	16	17	61	22	18	31	51	28	19	20	
89.546585	188.407883	52.753044	4.195218	-0.967161	-0.113828	-0.227249	0.253462	-0.365579	-0.895605	0.018867	-0.923794	0.382425	0.193484	0.132270	0.028376	0	50	0	48	1	46	58	22	26	39	2	27	3	42	49	32	53	40	4	43	5	54	44	60	37	35	6	7	8	59	36	30	52	21	20	9	10	61	63	11	12	55	23	41	29	45	47	28	31	13	14	15	16	57	24	33	56	34	17	18	19	51	25	38	62	
89.546585	188.407883	52.753044	4.195218	-0.815829	0.396688	0.420786	-0.534248	-0.238477	-0.810992	-0.221363	-0.886435	0.406487	0.193484	0.132270	0.028376	32	52	0	59	42	23	1	2	3	63	4	49	48	36	5	6	7	58	57	33	30	8	9	32	10	55	31	60	46	11	12	39	13	29	35	54	43	27	34	41	25	40	62	38	53	28	14	15	16	45	61	37	26	17	18	24	19	50	56	47	51	20	21	44	22	
89.546585	188.407883	52.753044	4.195218	-0.815829	0.396688	0.420786	0.537661	0.252377	0.804504	0.212940	0.882578	-0.419180	0.193484	0.132270	0.028376	32	28	35	62	43	0	25	1	2	49	51	57	47	3	45	4	5	44	55	36	29	24	40	34	26	53	39	61	42	6	7	8	27	30	31	58	56	9	32	10	11	46	59	33	54	12	41	13	14	38	60	15	52	16	17	18	23	48	50	19	63	20	21	22	37	
89.546585	188.407883	52.753044	4.195218	-0.841875	-0.016344	-0.539425	-0.496070	0.417034	0.761576	0.212511	0.908744	-0.359198	0.193484	0.132270	0.028376	32	28	32	19	22	36	59	17	24	60	46	27	29	38	45	0	1	61	25	39	34	49	21	18	2	62	53	3	4	42	37	5	6	30	56	7	33	43	57	8	9	48	54	35	47	40	50	10	26	41	52	11	63	44	31	12	13	51	58	14	20	23	55	15	16	
190.771530	191.998932	52.787113	3.881851	-0.103063	0.831391	0.546046	-0.548554	0.410432	-0.728446	-0.829739	-0.374612	0.413763	0.170401	0.104808	0.012919	0	58	0	40	25	27	1	35	48	29	2	3	4	32	5	62	55	34	6	30	7	49	8	63	39	59	9	10	11	45	12	61	44	37	13	42	14	51	15	56	36	50	16	17	18	57	19	38	46	33	20	24	31	54	21	47	52	60	22	26	53	41	23	28	43	
190.771530	191.998932	52.787113	3.881851	0.038297	0.560682	0.827145	-0.811032	-0.466112	0.353506	0.583747	-0.684380	0.436880	0.170401	0.104808	0.012919	32	52	29	23	0	59	56	1	2	63	42	37	3	41	4	34	5	32	36	61	22	27	48	6	7	45	57	47	8	51	25	9	10	58	31	28	24	54	50	11	12	49	40	53	55	39	13	33	14	38	26	46	15	60	43	16	17	44	62	18	19	35	30	20	21	
190.771530	191.998932	52.787113	3.881851	-0.591656	-0.780984	-0.200019	-0.553693	0.213312	0.804936	-0.585976	0.586994	-0.558632	0.170401	0.104808	0.012919	32	27	42	0	23	1	63	2	3	44	55	46	41	4	26	5	25	6	36	38	56	7	60	8	9	59	51	32	10	34	50	11	22	47	62	28	24	12	61	13	14	53	48	39	29	15	43	16	40	49	35	52	37	30	57	17	18	54	31	19	21	33	58	20	45	
174.041168	198.532516	52.401314	4.079866	-0.498099	0.595748	0.630065	-0.379743	0.503366	-0.776156	-0.779547	-0.625865	-0.024495	0.219607	0.119762	0.034762	0	52	31	41	22	42	0	49	29	59	1	32	2	24	3	48	25	55	4	51	5	6	7	60	27	63	8	47	9	10	11	35	28	36	53	37	57	23	12	45	13	62	26	38	46	14	15	50	16	58	33	39	61	17	18	40	19	56	34	30	54	20	21	43	44	
174.041168	198.532516	52.401314	4.079866	0.609759	0.416581	0.674281	-0.125485	-0.789264	0.601096	0.782591	-0.451136	-0.428986	0.219607	0.119762	0.034762	32	56	52	20	19	58	28	0	1	50	57	37	43	25	39	48	2	42	41	61	22	32	33	3	4	24	45	34	16	18	5	63	6	51	59	36	7	30	47	8	9	44	54	60	31	40	27	14	10	23	53	35	46	15	55	11	12	29	62	49	26	17	21	38	13	
174.041168	198.532516	52.401314	4.079866	0.609759	0.416581	0.674281	0.775854	-0.139830	-0.615223	-0.162005	0.898281	-0.408468	0.219607	0.119762	0.034762	32	51	57	39	44	0	16	1	41	30	28	19	48	63	49	2	21	29	24	40	46	3	14	4	55	58	36	37	62	5	20	6	25	23	45	22	59	7	18	8	52	32	35	43	56	60	26	9	27	31	42	15	61	10	17	11	53	50	34	38	54	12	33	13	47	
179.821045	192.846512	53.235130	3.912490	-0.504633	0.655608	-0.561715	-0.329889	0.454833	0.827224	-0.797821	-0.602748	0.013246	0.229742	0.131355	0.019297	0	50	31	41	25	26	0	57	1	63	2	37	3	28	4	45	5	58	6	35	7	24	8	51	34	62	9	33	10	44	11	53	12	61	30	36	43	29	13	54	14	56	15	49	23	42	16	47	17	59	27	39	60	18	19	48	20	55	21	32	38	40	22	46	52	
179.821045	192.846512	53.235130	3.912490	0.797892	0.449619	0.401511	-0.220598	-0.402080	0.888633	0.560985	-0.797606	-0.221631	0.229742	0.131355	0.019297	32	25	41	37	23	56	33	0	1	39	63	31	35	43	36	22	2	26	58	40	3	49	48	42	4	28	57	59	5	30	19	45	6	38	44	29	21	32	55	7	8	34	51	54	15	18	60	9	10	46	61	47	24	27	50	11	12	52	62	20	13	16	53	17	14	
83.116386	117.578064	54.365990	4.090375	-0.675224	0.709607	0.201323	0.140626	0.391776	-0.909250	0.724084	0.585636	0.364325	0.149383	0.074513	0.027707	0	29	36	37	63	0	1	2	46	30	53	34	55	3	4	5	6	49	40	62	60	7	8	9	10	45	50	59	52	11	12	13	14	56	39	33	47	15	16	17	41	48	61	18	42	19	20	21	31	57	43	32	51	22	23	24	38	44	54	25	58	26	27	28	35	
83.116386	117.578064	54.365990	4.090375	0.580760	-0.052545	-0.812377	0.775346	0.339836	0.532306	0.248105	-0.939016	0.238104	0.149383	0.074513	0.027707	32	50	34	58	23	46	53	0	1	63	27	60	28	51	2	3	4	41	54	55	30	26	36	5	6	61	40	37	7	45	8	9	10	49	32	56	39	25	48	11	12	47	35	52	59	33	13	14	15	29	57	43	38	16	44	17	18	42	62	24	31	22	19	20	21	
197.601318	117.416771	55.307064	3.704400	-0.726089	0.364635	-0.582955	-0.040148	0.823881	0.565339	0.686428	0.433891	-0.583571	0.182820	0.124604	0.022081	0	0	1	2	18	19	3	38	63	29	36	16	24	33	27	37	57	15	17	32	53	52	4	48	58	25	47	42	43	26	23	59	46	5	6	7	28	60	8	54	35	31	40	21	30	44	9	50	49	10	11	12	34	62	13	55	51	22	39	20	41	45	14	56	61	
197.601318	117.416771	55.307064	3.704400	-0.597779	0.175356	0.782247	-0.542291	-0.807097	-0.233482	0.590407	-0.563776	0.577560	0.182820	0.124604	0.022081	32	59	19	20	21	55	43	41	33	62	57	49	44	26	15	11	0	40	50	1	2	30	63	3	14	58	45	52	32	38	46	4	5	25	47	17	27	39	23	54	31	48	61	29	35	34	6	28	13	53	56	18	12	36	37	24	22	51	60	7	16	42	8	9	10	
197.601318	117.416771	55.307064	3.704400	-0.597779	0.175356	0.782247	-0.793364	-0.269427	-0.545878	0.115035	-0.946921	0.300179	0.182820	0.124604	0.022081	32	57	18	15	31	56	25	40	48	63	42	27	41	49	0	13	21	53	24	20	12	58	44	30	23	50	37	62	46	43	1	2	3	47	39	14	38	32	19	35	51	60	55	34	36	16	4	17	29	61	22	5	6	54	33	7	11	59	52	26	28	45	8	9	10	
58.202965	176.838455	56.864437	4.136228	-0.492752	0.673605	-0.550864	0.704882	-0.062208	-0.706592	0.510232	0.736469	0.444158	0.301908	0.157745	0.023832	0	33	22	41	63	39	0	35	24	29	30	45	47	61	26	37	1	36	2	34	43	62	3	23	4	38	32	57	59	44	5	6	7	56	8	52	50	42	9	10	11	46	12	55	25	58	13	31	14	49	27	28	60	51	15	16	17	54	18	53	48	40	19	20	21	
58.202965	176.838455	56.864437	4.136228	0.640935	-0.647792	-0.411787	0.572257	0.045707	0.818799	-0.511590	-0.760445	0.399999	0.301908	0.157745	0.023832	32	29	21	25	17	62	49	0	1	42	56	41	38	24	31	2	36	47	45	37	44	59	32	3	4	50	52	5	6	35	43	33	55	39	22	27	18	19	63	7	8	61	16	40	23	54	20	15	28	30	57	34	46	9	60	10	11	58	48	12	13	51	26	53	14	
58.202965	176.838455	56.864437	4.136228	-0.067640	0.794534	0.603440	0.741153	-0.364888	0.563514	0.667919	0.485358	-0.564191	0.301908	0.157745	0.023832	32	31	39	27	33	54	57	0	1	47	42	52	49	53	2	30	3	45	37	4	51	59	44	5	6	60	41	7	8	55	9	10	11	25	28	36	29	63	22	26	12	24	58	13	56	40	32	14	15	38	34	50	62	48	23	16	17	43	61	18	35	46	21	19	20	
58.202965	176.838455	56.864437	4.136228	-0.067640	0.794534	0.603440	-0.810894	-0.396154	0.430713	0.581271	-0.460193	0.671079	0.301908	0.157745	0.023832	32	25	31	26	44	21	0	62	28	60	51	34	1	23	2	48	3	40	27	32	29	45	4	59	5	55	46	41	52	6	7	53	39	37	63	42	36	22	8	50	9	54	38	56	10	11	12	47	13	33	43	49	14	35	15	61	16	30	17	58	24	18	19	57	20	
58.202965	176.838455	56.864437	4.136228	-0.335238	0.526100	0.781559	0.755157	-0.345982	0.556808	0.563342	0.776862	-0.281302	0.301908	0.157745	0.023832	32	34	35	22	26	27	63	19	0	55	21	58	1	39	37	2	3	31	43	23	61	36	56	4	5	62	25	6	7	49	40	8	9	29	38	32	33	54	60	20	10	44	52	45	51	28	50	11	12	46	30	59	41	53	24	13	14	57	48	15	16	47	42	17	18	
175.494934	181.699707	56.316135	4.245684	-0.755925	0.620514	-0.208660	-0.479169	-0.307258	0.822186	-0.446066	-0.721495	-0.529595	0.195128	0.155409	0.031736	0	28	31	30	59	48	0	29	1	52	46	40	54	44	24	38	2	57	39	23	33	58	3	4	5	53	37	51	27	6	7	61	8	47	50	18	34	56	22	20	21	63	49	19	32	35	9	10	11	55	41	25	60	45	12	13	14	62	42	36	43	15	16	26	17	
175.494934	181.699707	56.316135	4.245684	-0.391384	0.433986	0.811464	0.889222	0.405334	0.212108	-0.236862	0.804587	-0.544551	0.195128	0.155409	0.031736	32	23	34	20	36	32	63	0	18	53	44	38	37	57	16	17	24	60	51	25	19	31	54	1	2	45	58	3	4	55	30	5	6	40	33	27	29	43	61	7	15	48	56	42	35	22	47	8	9	28	52	10	62	26	50	11	12	49	59	13	41	39	46	14	21	
175.494934	181.699707	56.316135	4.245684	0.465288	0.591532	0.658481	0.878356	-0.216497	-0.426168	-0.109533	0.776672	-0.620309	0.195128	0.155409	0.031736	32	31	28	34	60	27	25	19	22	61	37	39	49	30	26	0	1	53	56	47	33	38	41	2	3	54	59	46	17	4	5	6	7	35	23	29	62	18	21	8	9	48	45	40	58	50	44	10	11	57	52	20	51	24	32	12	36	43	55	13	63	14	15	16	42	
175.494934	181.699707	56.316135	4.245684	0.068709	0.591384	0.803457	-0.025220	-0.804074	0.593995	0.997318	-0.061076	-0.040333	0.195128	0.155409	0.031736	32	33	54	43	29	35	0	52	1	46	53	57	2	40	3	49	4	28	58	26	24	39	23	41	5	31	42	62	38	25	6	50	7	44	60	48	8	30	9	47	10	61	51	55	11	22	12	27	13	32	36	59	45	20	14	56	15	34	16	63	21	17	18	37	19	
192.544357	186.165848	58.213284	4.144804	-0.104185	-0.852167	-0.512794	-0.563005	-0.374499	0.736733	-0.819860	0.365462	-0.440757	0.264374	0.150210	0.023451	0	37	0	50	1	35	27	47	52	31	2	3	4	30	26	43	63	36	5	33	6	59	7	57	48	62	8	9	10	44	11	41	40	38	25	12	13	53	24	51	28	60	14	15	16	61	17	45	39	22	23	18	32	56	19	54	42	58	20	29	55	49	21	34	46	
192.544357	186.165848	58.213284	4.144804	0.037784	0.571790	0.819530	-0.826562	-0.443003	0.347194	0.561576	-0.690511	0.455881	0.264374	0.150210	0.023451	32	43	34	26	30	62	44	14	0	38	53	40	49	57	1	42	2	58	39	48	19	50	41	15	3	36	59	13	16	46	4	27	12	29	33	45	21	35	63	5	6	56	47	61	25	37	32	24	7	20	51	31	52	22	60	8	9	55	54	17	18	23	10	11	28	
52.271988	163.684204	60.602486	3.964911	-0.822472	0.559106	-0.104595	0.352194	0.356181	-0.865503	0.446653	0.748689	0.489863	0.131541	0.091396	0.049131	0	45	42	37	51	53	0	26	1	44	34	25	35	63	2	3	4	23	59	24	58	20	5	28	6	33	54	36	55	49	7	30	8	46	9	43	52	50	10	29	11	61	22	60	32	38	12	21	13	48	31	47	27	41	14	56	15	57	40	62	39	16	17	18	19	
52.271988	163.684204	60.602486	3.964911	-0.188181	0.774953	0.603354	0.597195	0.577998	-0.556126	-0.779709	0.255667	-0.571567	0.131541	0.091396	0.049131	32	0	48	56	46	1	52	2	39	3	58	4	62	5	36	6	24	33	59	57	50	7	45	8	9	10	55	30	27	11	63	12	28	13	47	14	40	35	49	15	44	16	32	17	60	26	29	18	43	37	54	51	38	41	53	19	20	21	34	22	25	31	61	23	42	
52.271988	163.684204	60.602486	3.964911	-0.188181	0.774953	0.603354	-0.053181	-0.621468	0.781632	0.980693	0.115002	0.158161	0.131541	0.091396	0.049131	32	44	29	53	42	32	0	57	1	39	33	37	19	43	30	56	2	51	38	24	3	58	4	26	5	54	59	36	28	23	31	20	6	50	61	48	41	21	7	49	8	35	22	27	9	62	10	55	11	60	52	45	12	47	13	34	14	63	15	25	16	46	17	40	18	
55.492290	173.641068	60.666843	4.239359	-0.483987	0.765927	0.423217	0.738145	0.097574	0.667548	0.469998	0.635480	-0.612590	0.238590	0.173631	0.035068	0	29	51	34	62	26	0	22	1	27	31	52	49	59	2	40	3	44	25	32	37	63	4	5	6	55	7	58	46	45	8	9	10	60	39	50	38	41	11	33	20	47	28	57	30	48	12	24	13	43	23	35	61	42	14	15	36	54	21	53	56	19	16	18	17	
55.492290	173.641068	60.666843	4.239359	-0.040648	0.795948	0.603999	0.765154	-0.363953	0.531109	0.642563	0.483741	-0.594229	0.238590	0.173631	0.035068	32	42	29	25	0	61	38	23	1	47	43	46	40	53	2	30	45	63	24	3	28	57	22	4	5	58	37	6	7	59	8	9	10	31	34	27	33	60	56	20	11	44	55	39	49	52	26	12	13	36	35	14	62	48	41	15	16	54	51	17	32	50	21	18	19	
196.657852	179.620636	60.813526	4.334397	-0.521994	0.806986	-0.276218	-0.486008	-0.015277	0.873821	-0.700941	-0.590374	-0.400176	0.305073	0.152145	0.023958	0	60	43	19	0	37	32	38	52	46	1	2	3	33	25	35	63	36	4	5	6	44	28	53	61	62	7	8	9	40	29	21	48	57	10	11	12	50	20	49	31	55	13	14	15	56	27	42	47	39	24	22	34	59	30	41	26	51	16	17	18	54	58	23	45	
196.657852	179.620636	60.813526	4.334397	0.351478	0.421397	0.835995	-0.873934	-0.172526	0.454394	0.335711	-0.890314	0.307635	0.305073	0.152145	0.023958	32	23	35	28	0	57	60	1	11	38	63	43	2	19	46	3	4	37	42	5	49	56	47	6	12	45	61	16	17	27	25	22	26	29	32	33	30	62	51	7	13	40	53	41	39	48	50	31	8	36	34	54	59	52	24	9	14	44	58	10	21	20	55	18	15	
184.719238	162.848038	61.827076	3.833004	-0.923148	0.379322	-0.062547	0.326062	0.686335	-0.650098	0.203668	0.620531	0.757272	0.195114	0.056385	0.013352	0	63	0	11	1	56	37	13	24	62	18	39	29	52	25	15	17	38	2	22	45	60	36	40	21	47	3	59	27	48	20	46	23	44	4	31	19	61	26	28	32	54	5	49	51	41	14	16	12	34	6	43	57	58	35	7	33	53	30	42	50	55	8	9	10	
184.719238	162.848038	61.827076	3.833004	-0.835727	0.409141	0.366284	0.548715	0.595767	0.586492	0.021738	0.691133	-0.722401	0.195114	0.056385	0.013352	32	62	48	28	39	37	23	0	1	34	46	51	53	33	52	2	9	24	22	11	14	45	61	3	4	42	43	59	26	21	19	58	10	49	60	40	47	20	35	12	18	44	32	55	41	50	38	5	6	13	27	17	29	30	63	8	15	36	56	57	54	16	25	31	7	
184.719238	162.848038	61.827076	3.833004	-0.835727	0.409141	0.366284	-0.548087	-0.580061	-0.602603	-0.034082	-0.704367	0.709017	0.195114	0.056385	0.013352	32	26	17	28	13	14	11	63	30	55	53	54	39	0	29	24	16	48	36	60	50	18	12	35	22	41	56	32	43	1	2	33	51	15	8	23	25	3	4	61	49	31	59	40	44	9	58	19	21	38	27	47	62	5	6	20	37	57	46	45	42	10	7	52	34	
68.707657	207.454208	61.862171	4.156812	-0.550349	0.088462	-0.830235	-0.419626	-0.888967	0.183444	-0.721824	0.449346	0.526363	0.220469	0.075186	0.025107	0	54	50	36	42	27	0	23	56	1	2	26	3	33	4	37	63	24	22	61	43	5	47	6	55	7	45	29	34	8	58	31	57	28	9	48	35	10	11	53	60	12	13	32	25	14	51	30	62	15	16	52	39	17	41	44	49	18	19	38	20	21	46	40	59	
68.707657	207.454208	61.862171	4.156812	-0.563059	-0.217130	-0.797382	0.795004	0.121181	-0.594377	0.225685	-0.968592	0.104388	0.220469	0.075186	0.025107	32	31	38	50	25	0	1	54	2	62	45	24	3	40	26	42	4	29	59	53	33	5	6	27	7	51	57	41	30	55	8	37	22	20	9	58	61	10	11	43	12	56	13	52	14	46	47	32	39	36	35	60	49	15	16	23	17	44	18	63	34	28	21	19	48	
68.707657	207.454208	61.862171	4.156812	-0.563059	-0.217130	-0.797382	-0.786319	-0.156139	0.597765	-0.254296	0.963574	-0.082818	0.220469	0.075186	0.025107	32	48	60	37	38	0	23	1	2	34	63	3	43	50	21	20	28	61	58	4	19	5	41	6	7	8	54	9	55	39	31	46	49	32	52	59	33	10	26	11	12	30	40	57	47	22	44	13	53	25	51	36	29	14	56	15	16	17	24	45	62	18	42	27	35	
68.707657	207.454208	61.862171	4.156812	-0.563059	-0.217130	-0.797382	0.611459	0.539634	-0.578717	0.555952	-0.813418	-0.171080	0.220469	0.075186	0.025107	32	20	24	47	46	0	1	56	2	61	29	49	3	30	36	40	23	33	58	51	32	4	5	37	6	48	53	44	21	17	7	60	8	22	43	57	63	9	10	34	11	41	12	59	18	55	31	27	26	39	35	54	52	13	14	25	15	42	38	62	45	19	16	28	50	
80.756241	178.291885	63.425152	4.467452	-0.632890	-0.512272	0.580541	0.753703	-0.236075	0.613352	0.177152	-0.825740	-0.535511	0.528248	0.375034	0.069590	0	44	20	52	32	33	42	0	58	23	13	35	56	41	31	38	51	43	22	1	2	53	60	3	21	27	39	18	34	46	62	10	29	28	4	47	37	61	55	26	59	36	12	54	50	24	19	5	30	17	6	7	16	63	49	8	40	48	11	25	15	57	45	9	14	
80.756241	178.291885	63.425152	4.467452	-0.428376	0.797287	0.425237	-0.818564	-0.143100	-0.556305	-0.382684	-0.586392	0.713931	0.528248	0.375034	0.069590	32	28	40	25	33	31	54	44	45	27	62	19	52	0	18	1	2	50	43	30	26	20	55	41	47	34	61	46	35	3	23	4	5	14	17	21	16	24	51	57	39	58	37	56	49	6	7	38	8	36	42	29	22	53	60	48	15	63	59	32	9	10	11	12	13	
80.756241	178.291885	63.425152	4.467452	-0.428376	0.797287	0.425237	0.777578	0.085538	0.622941	0.460290	0.597508	-0.656595	0.528248	0.375034	0.069590	32	28	22	38	43	31	41	59	55	26	29	56	63	0	1	2	3	17	16	15	14	46	57	50	39	49	58	36	60	19	35	4	5	30	20	45	51	48	25	54	18	37	42	62	32	6	7	23	8	34	21	33	24	47	44	53	27	52	9	61	40	10	11	12	13	
100.650848	148.988861	64.789574	4.308385	-0.906105	0.303028	-0.295208	0.214711	-0.271849	-0.938082	0.364517	0.913385	-0.181260	0.306639	0.062718	0.050622	0	29	38	58	55	21	0	52	1	2	20	33	63	3	4	5	6	50	46	45	48	53	7	35	18	22	23	61	59	16	8	26	19	41	28	40	43	44	9	54	36	32	60	27	57	25	10	42	34	30	17	15	14	62	11	37	31	47	51	49	56	39	12	13	24	
100.650848	148.988861	64.789574	4.308385	-0.420589	0.408675	0.809994	-0.456785	-0.866772	0.200137	0.783871	-0.285817	0.551231	0.306639	0.062718	0.050622	32	55	0	40	1	59	27	58	32	47	46	54	51	21	18	42	30	53	25	24	2	57	14	60	3	52	43	50	38	45	15	17	4	13	5	20	6	44	7	61	8	23	35	41	33	22	16	63	19	9	29	10	11	48	28	62	31	39	56	34	26	36	37	49	12	
100.650848	148.988861	64.789574	4.308385	-0.420589	0.408675	0.809994	0.001226	-0.892543	0.450961	0.907251	0.190663	0.374892	0.306639	0.062718	0.050622	32	57	0	22	1	61	24	56	15	53	46	54	48	21	18	37	16	32	50	2	3	60	40	49	4	43	52	42	31	38	34	26	5	6	7	8	9	63	23	47	17	41	30	39	44	58	19	45	25	10	11	12	13	55	27	62	20	29	51	36	33	35	28	59	14	
206.272507	184.142303	64.253723	4.033937	-0.529407	0.738766	0.417077	0.842107	0.397991	0.363950	0.102880	0.543901	-0.832819	0.193762	0.153632	0.062693	0	63	0	1	2	36	33	30	40	26	22	3	4	51	58	43	47	60	5	6	25	46	49	37	28	17	31	7	8	44	48	62	9	23	10	11	32	54	52	20	59	18	19	12	38	42	34	57	45	13	14	15	55	56	53	21	50	27	24	16	35	61	39	41	29	
206.272507	184.142303	64.253723	4.033937	0.385211	0.403496	0.829942	-0.783832	0.617719	0.063490	-0.487053	-0.674992	0.554226	0.193762	0.153632	0.062693	32	60	28	23	0	45	55	1	2	29	63	3	4	56	34	5	6	62	37	42	7	32	43	8	9	26	51	10	11	52	35	53	36	48	50	22	24	59	19	40	12	30	46	13	14	41	20	57	15	61	27	33	31	54	38	21	16	47	58	17	18	49	39	44	25	
64.487816	206.332596	64.380081	4.177447	-0.408900	-0.300026	0.861850	-0.508930	0.858883	0.057534	-0.757490	-0.415095	-0.503889	0.207187	0.094525	0.048848	0	62	37	36	38	31	0	25	49	34	33	30	44	1	2	29	63	39	21	51	56	3	23	4	53	5	6	40	28	7	52	24	60	22	32	45	59	8	27	43	46	9	10	26	11	12	57	47	61	13	14	58	55	15	16	41	35	17	18	48	19	20	42	50	54	
64.487816	206.332596	64.380081	4.177447	-0.403848	-0.407522	-0.819044	0.900876	-0.021403	-0.433548	0.159150	-0.912945	0.375770	0.207187	0.094525	0.048848	32	59	27	26	15	52	0	47	1	62	45	21	2	41	30	22	17	28	32	43	50	19	3	42	4	49	48	44	55	51	29	5	6	46	37	36	58	39	7	35	8	60	34	38	9	40	23	54	25	24	10	56	63	11	12	31	13	57	18	61	20	53	33	16	14	
64.487816	206.332596	64.380081	4.177447	-0.403848	-0.407522	-0.819044	-0.820601	0.557117	0.127418	0.404377	0.723566	-0.559403	0.207187	0.094525	0.048848	32	63	56	23	37	0	19	1	28	24	31	22	55	18	34	59	42	26	27	53	39	2	3	33	57	4	5	49	61	21	38	29	32	45	47	6	50	7	16	8	43	44	54	41	62	9	10	35	25	40	17	48	52	11	12	13	51	36	14	60	46	20	15	30	58	
64.487816	206.332596	64.380081	4.177447	-0.403848	-0.407522	-0.819044	0.596538	0.561465	-0.573498	0.693577	-0.720196	0.016355	0.207187	0.094525	0.048848	32	52	17	37	22	43	0	57	1	55	2	56	3	35	26	32	29	47	49	44	20	4	5	48	6	60	45	36	21	33	23	59	7	31	62	39	58	8	9	34	10	30	25	53	27	54	18	42	46	11	19	51	61	12	13	38	14	40	28	63	50	41	15	16	24	
64.487816	206.332596	64.380081	4.177447	-0.403848	-0.407522	-0.819044	-0.479687	0.856682	-0.189728	0.778978	0.316263	-0.541452	0.207187	0.094525	0.048848	32	38	62	44	39	0	1	20	34	18	22	46	54	26	45	50	49	17	2	51	40	3	4	52	57	24	5	60	41	28	25	37	29	6	61	7	55	8	9	10	33	11	30	43	63	21	23	48	16	58	19	31	42	12	13	14	47	56	35	53	36	27	15	32	59	
201.786102	169.409958	65.052849	3.843266	-0.643155	0.241578	-0.726631	-0.750130	-0.389375	0.534502	0.153808	-0.888835	-0.431643	0.212153	0.154535	0.033910	0	54	0	38	1	37	2	52	50	3	4	34	5	6	7	62	56	41	8	27	9	47	10	55	60	49	11	30	12	59	31	39	46	42	13	40	14	32	15	58	28	16	17	29	18	45	19	63	20	35	21	22	33	53	23	51	57	36	24	25	48	61	26	44	43	
201.786102	169.409958	65.052849	3.843266	-0.775780	-0.595949	-0.207388	-0.413743	0.232263	0.880268	-0.476426	0.768699	-0.426754	0.212153	0.154535	0.033910	32	19	63	0	32	44	24	1	2	46	62	3	29	36	28	4	5	25	60	34	53	52	30	6	7	26	59	8	23	17	31	9	22	39	33	42	21	61	40	10	11	45	55	57	43	38	47	12	20	37	41	50	56	54	49	13	14	51	58	15	18	27	48	16	35	
201.786102	169.409958	65.052849	3.843266	-0.775780	-0.595949	-0.207388	0.401061	-0.719424	0.567079	-0.487150	0.356754	0.797127	0.212153	0.154535	0.033910	32	33	28	32	40	41	0	61	1	52	48	37	56	54	21	25	2	63	55	3	4	26	5	36	6	59	50	43	7	27	8	34	9	44	46	31	51	57	18	42	10	62	22	39	11	49	35	12	13	58	53	14	47	45	15	38	16	60	23	20	24	30	29	19	17	
58.380623	184.507736	65.523285	4.274607	-0.333749	0.858235	-0.389929	0.608300	-0.119917	-0.784596	0.720126	0.499052	0.482042	0.284135	0.191641	0.019128	0	46	27	31	63	41	0	26	1	55	2	50	51	34	3	4	5	40	6	32	59	53	7	23	8	44	9	57	62	29	10	11	12	58	39	49	54	13	14	15	16	37	33	56	45	22	17	24	43	60	47	48	36	38	18	19	30	52	28	42	35	20	21	25	61	
58.380623	184.507736	65.523285	4.274607	0.453718	-0.633474	-0.626778	0.795956	-0.028212	0.604697	-0.400742	-0.773250	0.491417	0.284135	0.191641	0.019128	32	35	31	28	22	62	45	0	1	47	54	53	25	60	2	3	4	41	29	55	39	58	23	5	6	51	57	24	20	36	7	18	8	30	38	32	26	49	61	9	10	48	52	50	42	33	56	11	12	34	59	40	44	46	43	13	14	63	37	21	17	27	19	16	15	
51.251495	168.051651	66.176239	3.782186	-0.440634	0.856525	0.268712	-0.049992	-0.322287	0.945321	-0.896294	-0.403107	-0.184830	0.189609	0.086792	0.053197	0	34	29	37	27	46	0	56	1	50	52	62	36	2	3	4	5	61	30	32	31	48	6	33	7	60	35	59	44	28	8	9	10	43	38	45	26	47	11	54	12	51	13	63	25	14	15	16	17	41	18	39	49	40	19	42	55	53	20	58	57	21	22	23	24	
51.251495	168.051651	66.176239	3.782186	0.797391	-0.067100	0.599721	-0.602100	-0.155211	0.783189	0.040532	-0.985600	-0.164164	0.189609	0.086792	0.053197	32	30	62	46	38	0	1	2	3	37	57	55	45	4	5	6	7	50	63	29	8	36	9	43	10	47	49	59	11	32	12	42	13	44	39	48	54	14	15	34	35	51	41	56	53	16	17	18	19	60	61	20	21	22	23	24	25	52	58	31	40	26	27	33	28	
51.251495	168.051651	66.176239	3.782186	0.797391	-0.067100	0.599721	-0.362130	0.741769	0.564483	-0.482731	-0.667291	0.567181	0.189609	0.086792	0.053197	32	40	32	39	61	0	1	2	28	46	50	42	62	33	3	4	5	53	58	25	31	24	6	45	7	51	52	57	44	8	9	43	10	60	48	35	29	11	12	13	14	59	56	47	38	15	16	17	18	63	30	34	26	19	20	37	27	55	23	54	41	21	22	36	49	
51.251495	168.051651	66.176239	3.782186	0.797391	-0.067100	0.599721	0.600775	0.181953	-0.778436	-0.056888	0.981015	0.185400	0.189609	0.086792	0.053197	32	0	1	61	58	2	3	4	5	40	32	60	52	6	33	7	8	54	50	39	43	35	34	9	10	53	56	42	51	11	12	13	14	15	29	63	48	16	44	17	36	18	57	47	49	19	45	20	30	38	46	62	31	21	22	23	24	41	55	59	37	25	26	27	28	
51.251495	168.051651	66.176239	3.782186	0.053297	0.607580	0.792468	-0.164887	-0.777348	0.607077	0.984871	-0.163023	0.058752	0.189609	0.086792	0.053197	32	45	37	42	34	33	0	50	1	44	43	36	51	55	48	2	3	46	61	32	49	4	5	6	7	54	58	30	8	47	35	41	9	52	10	59	11	56	12	57	13	62	14	31	15	53	16	17	18	63	19	40	20	21	22	23	24	60	25	29	26	38	27	39	28	
51.251495	168.051651	66.176239	3.782186	0.053297	0.607580	0.792468	0.878984	-0.405136	0.251500	0.473864	0.683162	-0.555646	0.189609	0.086792	0.053197	32	26	62	38	51	0	1	2	3	31	61	4	29	37	52	5	32	59	60	34	28	36	6	7	8	39	58	9	10	48	41	11	12	47	43	42	13	54	35	14	15	45	46	50	40	27	56	16	25	63	44	17	18	55	33	19	20	57	53	21	22	30	49	23	24	
57.164230	182.663010	66.423828	3.939232	-0.449745	0.810622	-0.374996	0.629962	-0.009729	-0.776565	0.633148	0.585490	0.506285	0.255238	0.166173	0.021934	0	48	31	32	62	42	0	1	2	52	3	44	55	4	5	6	7	47	8	30	60	45	9	10	11	43	12	53	63	29	13	14	15	51	41	50	54	16	17	18	19	40	38	59	49	20	21	22	35	61	58	33	36	37	23	24	25	56	39	46	34	26	27	28	57	
57.164230	182.663010	66.423828	3.939232	0.443078	-0.635867	-0.631945	0.797848	-0.041752	0.601411	-0.408803	-0.770668	0.488826	0.255238	0.166173	0.021934	32	26	32	31	27	60	56	0	1	47	49	54	42	53	33	2	3	41	28	52	29	61	35	23	4	58	55	5	6	30	7	8	9	34	40	36	25	39	59	10	11	48	51	50	43	12	57	13	14	38	62	15	44	37	46	16	17	63	45	18	19	24	20	21	22	
204.690475	156.633453	67.653374	3.972435	-0.021031	0.993774	0.109409	-0.953214	0.013077	-0.302013	-0.301563	-0.110642	0.947005	0.111165	0.089207	0.018627	0	63	40	0	1	43	32	35	47	51	31	2	3	60	22	42	44	45	4	5	6	59	30	39	26	57	33	7	8	52	24	53	19	58	21	17	9	56	10	48	50	27	37	11	12	49	41	46	54	25	13	20	14	62	23	28	29	38	36	15	16	61	55	34	18	
204.690475	156.633453	67.653374	3.972435	-0.818253	-0.569425	-0.078853	-0.570874	0.788777	0.227891	-0.067569	0.231487	-0.970488	0.111165	0.089207	0.018627	32	41	39	21	24	61	43	0	1	44	53	37	48	18	51	22	31	38	40	32	30	57	55	2	3	36	60	4	5	20	56	19	6	34	42	7	8	47	62	9	10	49	52	23	11	27	63	26	12	35	45	13	58	29	54	14	15	50	46	16	17	28	59	33	25	
204.690475	156.633453	67.653374	3.972435	-0.482161	0.829874	0.280767	-0.873065	-0.481732	-0.075439	0.072650	-0.281502	0.956806	0.111165	0.089207	0.018627	32	43	31	60	50	20	23	0	1	42	35	52	38	61	2	3	4	54	45	63	29	5	32	6	21	46	49	57	36	18	7	8	22	39	44	37	58	33	24	9	10	41	47	51	59	26	27	11	12	48	30	56	28	53	34	19	17	62	40	55	25	13	14	15	16	
204.690475	156.633453	67.653374	3.972435	-0.482161	0.829874	0.280767	0.861431	0.390723	0.324458	0.159557	0.398303	-0.903270	0.111165	0.089207	0.018627	32	56	48	23	46	24	0	1	52	35	58	26	61	2	3	4	5	50	36	42	47	6	7	8	43	57	53	38	51	9	10	31	11	33	63	28	59	12	13	14	34	44	49	37	55	15	16	17	29	62	45	30	39	18	19	20	27	54	41	32	40	21	25	22	60	
165.664642	194.179855	67.279564	4.046811	-0.408519	0.263833	0.873787	0.702146	-0.520819	0.485529	0.583184	0.811874	0.027515	0.205971	0.107574	0.064946	0	0	21	61	58	1	2	33	29	3	25	18	63	4	5	6	7	37	53	51	54	31	35	23	8	30	44	19	62	32	9	26	39	47	10	57	50	36	11	41	34	27	12	48	59	22	13	42	45	60	14	52	15	56	16	24	17	38	20	28	40	55	49	46	43	
165.664642	194.179855	67.279564	4.046811	-0.017655	0.570422	0.821162	0.188421	-0.804677	0.563021	0.981930	0.164665	-0.093273	0.205971	0.107574	0.064946	32	45	25	29	28	60	34	54	26	63	36	30	40	32	16	18	14	23	15	0	1	59	58	20	2	57	50	21	49	43	46	3	17	4	5	22	6	47	24	62	7	48	53	27	56	41	42	39	31	8	9	10	11	61	33	37	12	35	52	13	44	55	51	19	38	
165.664642	194.179855	67.279564	4.046811	-0.017655	0.570422	0.821162	0.657874	-0.611835	0.439157	0.752921	0.547975	-0.364464	0.205971	0.107574	0.064946	32	33	39	21	23	50	61	0	1	59	58	32	41	24	37	2	3	4	25	26	5	40	60	27	6	28	55	7	51	20	54	8	42	35	9	22	10	63	11	44	12	57	56	30	53	45	34	29	13	14	15	16	17	62	47	43	18	36	38	19	49	52	48	31	46	
50.007027	158.462570	68.855431	4.102433	-0.139408	0.978031	-0.154985	0.538746	-0.056411	-0.840578	0.830854	0.200681	0.519046	0.185803	0.108787	0.031057	0	53	33	31	55	44	0	1	2	47	24	43	49	63	3	25	4	41	5	30	34	59	6	52	7	56	8	61	29	26	9	35	10	48	23	27	46	60	11	12	13	62	38	36	45	37	14	15	16	40	58	32	54	51	17	28	18	57	50	42	39	19	20	21	22	
