# featExtract 1.1
# Extraction Voxel Resolution (ijk) : 260 311 260
# Extraction Voxel Size (mm)  (ijk) : 0.700000 0.700000 0.700000
# Feature Coordinate Space: voxels: 1.0 0.0 0.0 0.0 0.0 1.0 0.0 0.0 0.0 0.0 1.0 0.0 0.0 0.0 0.0 1.0
Features: 6199
Scale-space location[x y z scale] orientation[o11 o12 o13 o21 o22 o23 o31 o32 o32] 2nd moment eigenvalues[e1 e2 e3] info flag[i1] descriptor[d1 .. d64]
148.211441	101.399620	17.944283	4.366966	-0.628089	0.487318	0.606651	0.470927	-0.382583	0.794895	0.619461	0.784953	0.010805	0.214232	0.076396	0.014231	0	37	0	1	2	62	3	4	5	44	6	50	7	48	8	42	9	40	38	52	10	61	45	47	11	12	13	14	15	56	54	43	16	53	17	18	19	63	39	20	21	55	22	59	23	51	24	49	25	26	27	28	29	58	46	30	31	32	33	41	34	60	35	57	36	
148.211441	101.399620	17.944283	4.366966	-0.602707	0.575425	0.552838	0.386095	-0.396023	0.833125	0.698337	0.715578	0.016518	0.214232	0.076396	0.014231	32	41	43	51	56	0	1	2	3	55	50	49	57	28	31	4	5	63	32	36	35	6	7	8	9	60	44	53	45	10	11	12	13	42	39	52	54	14	15	16	17	37	58	46	59	29	40	18	19	47	61	30	33	20	21	22	23	38	62	34	48	24	25	26	27	
148.211441	101.399620	17.944283	4.366966	-0.602707	0.575425	0.552838	-0.383521	0.398655	-0.833058	-0.699754	-0.714115	-0.019585	0.214232	0.076396	0.014231	32	33	29	61	47	0	1	2	3	48	34	62	38	4	5	6	7	54	52	39	42	8	9	10	11	59	46	58	37	12	13	40	28	35	36	32	63	14	15	16	17	45	53	44	60	18	19	20	21	56	51	43	41	22	23	24	25	57	49	50	55	26	27	30	31	
148.211441	101.399620	17.944283	4.366966	-0.602707	0.575425	0.552838	-0.759369	-0.200749	-0.618917	-0.245159	-0.792834	0.557952	0.214232	0.076396	0.014231	32	44	50	53	33	0	1	2	3	62	48	54	35	4	5	6	7	41	58	51	47	8	9	10	11	37	57	59	40	12	13	45	14	34	15	63	16	17	18	19	20	39	42	61	43	21	22	23	24	38	55	49	36	25	26	27	28	46	60	56	52	29	30	31	32	
152.305710	108.646843	18.592936	4.297333	-0.813445	0.415334	-0.407191	0.069113	-0.626093	-0.776680	0.577521	0.659928	-0.480587	0.231391	0.053391	0.020477	0	0	1	39	2	60	56	40	36	3	4	5	6	50	45	44	7	8	9	58	41	53	54	57	49	10	11	12	13	51	52	42	47	14	33	15	16	62	38	46	17	18	19	20	21	48	22	63	23	24	34	25	26	55	37	59	35	27	28	29	30	43	31	61	32	
152.305710	108.646843	18.592936	4.297333	-0.801104	-0.025126	0.597997	-0.589565	0.205352	-0.781181	-0.103171	-0.978366	-0.179322	0.231391	0.053391	0.020477	32	45	40	51	41	0	1	2	3	56	50	60	47	4	5	6	7	57	54	33	8	36	9	35	10	52	48	61	44	11	12	43	13	32	38	58	42	14	15	16	17	18	49	55	62	19	20	21	22	37	59	23	46	24	25	26	27	34	63	39	53	28	29	30	31	
152.305710	108.646843	18.592936	4.297333	-0.801104	-0.025126	0.597997	0.464986	-0.655212	0.595386	0.376855	0.755027	0.536577	0.231391	0.053391	0.020477	32	46	34	56	55	0	1	2	3	53	45	58	49	4	39	5	6	52	38	43	42	7	8	9	10	60	32	63	35	11	12	13	14	15	41	36	59	16	17	18	19	47	62	40	57	20	21	22	23	54	44	33	37	24	25	26	27	61	51	50	48	28	29	30	31	
152.305710	108.646843	18.592936	4.297333	-0.801104	-0.025126	0.597997	0.582905	-0.259514	0.769983	0.135842	0.965412	0.222544	0.231391	0.053391	0.020477	32	46	31	60	45	0	1	2	3	53	40	63	34	4	5	6	7	42	57	37	32	8	9	10	11	62	54	50	12	13	14	15	16	17	33	52	58	18	35	19	36	43	61	47	55	20	39	21	22	41	51	38	44	23	24	25	26	49	59	48	56	27	28	29	30	
125.798401	92.713730	29.716658	4.387223	-0.123481	0.251345	0.959988	-0.964764	0.196092	-0.175436	-0.232341	-0.947826	0.218275	0.161710	0.079370	0.036569	0	61	32	0	1	62	44	30	29	53	57	2	3	63	34	28	19	46	48	4	5	33	60	6	7	50	59	8	9	36	40	10	11	42	12	23	13	58	27	49	26	54	38	45	14	51	18	41	20	43	37	25	15	47	55	39	16	52	56	22	21	35	31	24	17	
125.798401	92.713730	29.716658	4.387223	0.579446	0.794020	-0.183777	-0.337098	0.438791	0.832963	0.742029	-0.420706	0.521919	0.161710	0.079370	0.036569	32	63	59	0	39	31	43	1	26	45	58	40	46	2	37	3	27	35	50	4	5	44	54	6	7	30	60	33	36	20	24	8	25	62	57	23	29	52	32	9	22	48	61	51	49	10	11	12	13	53	38	14	15	56	28	16	17	55	47	42	41	34	21	18	19	
125.798401	92.713730	29.716658	4.387223	0.579446	0.794020	-0.183777	-0.814706	0.570474	-0.103985	0.022274	0.209978	0.977453	0.161710	0.079370	0.036569	32	63	36	23	27	40	26	32	0	61	47	50	51	1	2	3	18	62	45	34	4	52	31	17	5	54	60	38	20	6	28	7	19	55	8	41	9	53	10	49	11	46	57	56	37	35	12	21	13	44	39	29	14	58	22	43	15	48	59	42	33	24	30	25	16	
125.798401	92.713730	29.716658	4.387223	-0.168356	0.579054	0.797717	0.064340	0.813998	-0.577293	-0.983624	-0.045866	-0.174297	0.161710	0.079370	0.036569	32	40	61	47	57	24	37	22	0	30	48	44	55	1	2	23	21	51	62	3	32	36	42	26	31	39	58	4	35	28	45	5	6	52	56	59	41	34	7	33	8	46	38	54	50	9	10	11	12	53	63	13	14	43	25	27	15	60	49	16	29	17	18	19	20	
125.798401	92.713730	29.716658	4.387223	-0.168356	0.579054	0.797717	0.621167	0.690690	-0.370268	-0.765381	0.433179	-0.475971	0.161710	0.079370	0.036569	32	51	56	45	60	24	0	21	1	29	44	37	59	2	3	4	5	63	53	6	20	36	41	7	8	50	54	23	39	32	40	9	10	57	58	55	43	34	11	28	12	49	26	52	47	13	14	15	16	61	48	33	17	46	31	38	25	62	42	22	18	35	30	27	19	
125.798401	92.713730	29.716658	4.387223	-0.341717	0.843538	-0.414335	0.012524	0.444923	0.895481	0.939719	0.300811	-0.162602	0.161710	0.079370	0.036569	32	54	62	19	25	31	47	0	23	61	52	35	48	1	2	3	4	36	49	5	6	37	58	7	8	56	51	29	38	28	42	9	10	63	55	45	21	32	40	11	12	60	50	44	41	39	13	22	20	57	30	27	14	46	53	15	16	59	24	43	34	26	17	33	18	
125.798401	92.713730	29.716658	4.387223	-0.341717	0.843538	-0.414335	0.331655	0.520748	0.786655	0.879338	0.131397	-0.457712	0.161710	0.079370	0.036569	32	28	63	0	40	36	50	1	37	56	55	31	52	2	3	4	5	26	47	6	7	19	57	8	20	54	51	39	42	29	44	9	10	60	62	41	25	24	45	11	21	58	49	46	48	30	12	23	32	59	43	13	14	34	53	15	16	61	22	38	33	35	17	27	18	
115.576622	143.587692	38.379208	4.107720	-0.538598	-0.445907	0.714897	0.394864	0.615952	0.681679	-0.744308	0.649438	-0.155678	0.209385	0.048937	0.015332	0	0	1	58	2	3	4	47	5	6	7	62	50	8	9	10	11	43	12	53	13	14	15	16	17	18	19	59	20	21	22	45	23	56	24	60	25	46	26	48	27	54	28	57	51	29	30	44	31	49	32	63	33	34	35	36	37	52	38	61	39	40	41	55	42	
115.576622	143.587692	38.379208	4.107720	0.420607	-0.158230	0.893338	0.795879	-0.408324	-0.447044	0.435508	0.899019	-0.045812	0.209385	0.048937	0.015332	32	36	50	39	49	0	1	2	3	46	47	62	51	4	5	6	7	59	63	8	9	10	11	12	13	57	55	38	14	15	16	17	35	48	43	45	44	18	19	20	21	52	53	56	54	22	23	24	25	26	60	27	40	28	29	30	31	42	58	41	61	32	33	34	37	
143.696045	133.180511	43.488373	4.450978	-0.622126	0.722044	0.302675	-0.435836	0.001758	-0.900024	0.650389	0.691845	-0.313599	0.194846	0.116096	0.029474	0	0	29	1	2	3	40	60	56	4	5	61	45	6	7	53	44	8	9	10	11	35	12	63	50	13	14	54	15	38	16	47	46	37	39	36	17	41	31	55	42	30	18	51	19	49	20	52	21	34	22	33	23	57	24	58	43	32	25	59	26	48	27	62	28	
143.696045	133.180511	43.488373	4.450978	0.341047	-0.475730	0.810782	-0.607624	0.546536	0.576273	-0.717272	-0.689187	-0.102671	0.194846	0.116096	0.029474	32	49	37	51	44	46	0	35	1	57	54	48	53	2	3	4	5	63	42	6	7	47	8	9	10	61	52	11	12	32	33	13	24	55	14	50	15	62	16	36	17	59	40	45	31	41	43	18	19	56	20	28	21	60	22	27	23	58	38	30	25	39	34	26	29	
86.177521	127.689507	45.616203	4.008162	-0.386915	-0.263153	0.883769	0.641509	0.611650	0.462980	-0.662392	0.746079	-0.067841	0.277811	0.131842	0.075712	0	22	0	54	60	21	1	35	43	28	25	61	46	2	3	45	41	37	58	38	52	34	4	27	5	55	56	48	36	20	6	47	7	51	8	62	40	31	9	30	10	26	24	59	33	11	12	13	14	50	29	53	15	49	16	57	17	32	39	63	42	23	18	44	19	
86.177521	127.689507	45.616203	4.008162	0.564462	-0.569126	0.597895	-0.140713	-0.780058	-0.609680	0.813377	0.260009	-0.520397	0.277811	0.131842	0.075712	32	35	40	23	63	0	1	34	21	46	32	45	58	26	2	3	4	60	51	22	48	39	5	28	19	59	56	30	38	20	6	7	8	47	31	42	49	44	9	57	18	54	25	61	55	10	11	12	13	53	52	27	33	37	29	41	24	50	62	36	43	14	15	16	17	
86.177521	127.689507	45.616203	4.008162	0.564462	-0.569126	0.597895	0.825185	0.407709	-0.390951	-0.021267	0.714051	0.699771	0.277811	0.131842	0.075712	32	22	54	34	61	26	41	0	1	2	55	36	62	3	4	5	6	35	40	38	50	44	39	27	31	42	43	52	60	21	7	8	9	46	28	63	33	32	25	10	11	48	47	58	30	12	24	13	14	37	51	45	29	49	56	15	16	59	57	53	23	20	17	18	19	
86.177521	127.689507	45.616203	4.008162	0.564462	-0.569126	0.597895	-0.587978	0.231165	0.775142	-0.579365	-0.789087	-0.204150	0.277811	0.131842	0.075712	32	43	49	24	41	27	29	20	55	42	60	35	57	0	1	2	25	59	46	36	45	3	26	4	47	48	58	37	53	5	6	7	8	19	18	63	32	22	21	38	40	51	33	61	30	9	10	11	12	39	62	54	23	13	28	31	34	44	52	56	50	14	15	16	17	
84.415314	195.700348	45.644203	3.944558	-0.613406	0.788998	-0.034847	-0.427873	-0.369089	-0.825044	0.663820	0.491177	-0.563993	0.110641	0.071278	0.018639	0	33	0	51	1	45	42	54	35	31	2	52	3	28	24	62	37	4	5	60	6	34	25	58	40	7	8	48	9	30	26	63	32	39	10	41	11	53	12	57	13	29	14	38	15	55	46	49	43	36	16	56	17	50	18	59	19	20	21	61	22	44	23	47	27	
84.415314	195.700348	45.644203	3.944558	-0.832731	-0.396614	0.386338	0.553507	-0.578961	0.598695	-0.013776	0.712392	0.701647	0.110641	0.071278	0.018639	32	63	26	28	53	19	0	1	2	45	52	27	47	44	46	31	3	59	54	20	50	24	4	18	5	38	42	39	29	56	6	51	7	58	22	60	33	25	36	8	9	43	35	48	32	61	49	10	11	57	23	55	30	40	34	12	13	62	41	37	21	14	15	16	17	
74.312439	126.557304	46.634735	4.237304	-0.366536	0.241772	-0.898442	0.834929	0.511566	-0.202962	-0.410542	0.824528	0.389369	0.140443	0.105353	0.031006	0	0	24	54	59	1	2	46	21	3	28	52	62	4	5	37	39	38	6	63	31	33	7	47	8	48	41	57	53	30	9	29	10	36	11	44	35	12	13	56	50	49	23	58	45	14	15	22	26	55	16	61	43	25	17	42	27	60	18	51	34	32	19	40	20	
74.312439	126.557304	46.634735	4.237304	0.429118	0.413234	0.803178	0.471127	-0.861070	0.191308	0.770647	0.296305	-0.564186	0.140443	0.105353	0.031006	32	0	60	20	33	37	53	1	29	62	47	45	25	31	34	2	3	32	56	4	5	50	52	6	7	55	40	41	8	39	48	9	10	59	57	24	23	51	27	21	11	35	63	38	49	17	36	22	12	28	42	13	14	58	54	18	15	43	61	30	44	26	46	19	16	
143.070969	118.587524	48.034145	3.971638	-0.482403	0.604478	0.633951	0.872548	0.395323	0.287018	-0.077120	0.691611	-0.718141	0.342493	0.265374	0.063072	0	13	27	30	51	17	37	28	55	6	0	60	56	39	9	29	35	7	48	1	2	53	63	22	32	49	3	54	40	58	31	36	16	50	38	52	45	20	10	41	44	47	23	59	25	11	21	19	4	62	61	12	26	42	34	14	24	57	8	43	5	46	18	33	15	
143.070969	118.587524	48.034145	3.971638	0.594840	-0.039816	0.802857	0.430966	-0.827302	-0.360333	0.678552	0.560345	-0.474953	0.342493	0.265374	0.063072	32	46	23	42	19	36	47	60	33	59	35	58	44	0	21	1	2	39	45	10	17	32	55	3	28	53	51	38	31	25	24	4	5	6	27	41	43	7	34	62	63	18	13	61	54	12	16	15	29	49	50	30	20	26	56	22	48	57	52	37	40	8	11	9	14	
167.934280	127.478333	49.802341	4.225539	-0.537261	-0.444015	0.717078	-0.614751	-0.375926	-0.693368	0.577435	-0.813345	-0.070988	0.169883	0.085187	0.030690	0	0	1	41	39	30	28	56	51	2	3	38	37	4	5	52	59	6	7	47	8	45	54	55	50	9	10	11	12	32	42	58	61	13	14	15	16	17	18	57	34	19	20	35	21	46	22	60	44	23	24	49	29	27	36	63	48	40	25	53	31	43	26	62	33	
167.934280	127.478333	49.802341	4.225539	-0.560451	-0.593144	0.577992	0.426606	0.391427	0.815348	-0.709860	0.703537	0.033663	0.169883	0.085187	0.030690	32	0	33	38	63	1	2	3	4	30	44	32	61	5	6	7	8	62	57	34	51	9	10	11	12	46	53	49	48	13	14	15	16	45	50	54	40	17	18	43	19	55	47	52	41	20	21	22	23	39	60	59	37	24	25	36	31	42	58	56	35	26	27	28	29	
167.934280	127.478333	49.802341	4.225539	-0.560451	-0.593144	0.577992	-0.159499	-0.607531	-0.778117	0.812683	-0.528285	0.245886	0.169883	0.085187	0.030690	32	35	61	51	40	29	48	0	1	43	58	55	45	2	3	4	5	49	56	47	38	6	37	7	8	54	44	50	46	9	10	11	12	36	41	63	52	13	14	15	16	32	53	57	34	30	31	17	18	60	59	33	19	20	21	22	23	62	39	42	28	24	25	26	27	
167.934280	127.478333	49.802341	4.225539	-0.560451	-0.593144	0.577992	-0.827699	0.377196	-0.415496	0.028433	-0.711269	-0.702345	0.169883	0.085187	0.030690	32	38	40	53	63	0	1	2	3	52	32	34	57	30	4	5	6	61	43	33	45	51	26	7	8	60	54	37	49	9	10	11	12	62	31	46	42	13	14	15	16	58	29	55	44	17	18	19	20	59	36	50	39	35	27	21	22	47	41	56	48	28	23	24	25	
84.612831	199.520447	49.815453	4.109261	-0.771050	0.623365	-0.129995	-0.136637	-0.361355	-0.922363	0.621943	0.693425	-0.363797	0.184193	0.141068	0.034434	0	0	1	54	2	30	3	63	36	25	4	58	5	40	28	50	35	26	6	61	7	56	8	48	27	9	10	62	11	38	12	47	24	23	13	46	31	29	14	59	42	15	16	39	22	57	17	44	52	34	18	45	60	51	19	43	41	20	21	55	33	32	37	53	49	
84.612831	199.520447	49.815453	4.109261	-0.818884	0.018822	0.573650	0.442518	-0.615798	0.651898	0.365523	0.787679	0.495939	0.184193	0.141068	0.034434	32	30	57	0	59	33	20	1	2	34	42	18	44	62	43	3	4	47	55	46	50	31	5	6	7	48	60	28	23	26	24	8	25	45	40	19	56	52	29	9	10	54	27	35	58	53	11	12	41	51	38	36	61	39	22	13	14	49	37	15	32	17	21	16	63	
84.612831	199.520447	49.815453	4.109261	-0.818884	0.018822	0.573650	-0.565119	-0.201175	-0.800106	0.100344	-0.979375	0.175375	0.184193	0.141068	0.034434	32	39	34	56	24	0	1	58	2	36	44	55	31	54	48	27	3	45	51	61	4	5	6	37	7	29	43	41	32	8	9	63	10	46	42	49	50	11	12	33	13	40	25	52	26	62	14	23	15	53	35	60	16	17	18	38	19	47	28	57	30	20	21	59	22	
85.233299	201.913803	50.215576	3.966084	-0.716457	0.679275	-0.158983	-0.078212	-0.304661	-0.949244	0.693234	0.667658	-0.271404	0.196706	0.144688	0.027835	0	0	1	53	2	44	28	61	32	26	3	62	4	43	5	41	6	7	8	56	9	58	10	52	11	12	13	63	14	36	15	45	16	29	17	38	42	33	18	57	49	19	20	50	27	39	31	46	59	25	21	37	60	55	22	40	47	23	24	54	30	34	35	51	48	
85.233299	201.913803	50.215576	3.966084	-0.827814	0.003477	0.560992	0.446204	-0.602033	0.662162	0.340038	0.798464	0.496820	0.196706	0.144688	0.027835	32	44	56	0	57	37	20	1	2	40	30	29	52	62	3	4	19	54	39	47	35	50	5	6	7	59	60	8	28	26	9	10	34	42	49	32	53	51	27	11	12	55	24	43	58	45	23	13	41	46	36	22	61	38	25	14	15	48	31	16	33	17	21	18	63	
85.233299	201.913803	50.215576	3.966084	-0.827814	0.003477	0.560992	-0.550462	-0.197962	-0.811050	0.108235	-0.980204	0.165790	0.196706	0.144688	0.027835	32	29	35	59	26	0	1	56	2	32	50	44	33	47	57	24	3	39	53	61	22	4	5	36	6	28	52	45	30	21	7	63	8	51	43	46	42	9	10	38	11	40	25	55	23	62	12	13	14	41	37	58	27	15	16	48	17	49	34	60	31	20	18	54	19	
76.085373	183.835281	51.299793	4.256064	-0.632381	0.624775	-0.457985	0.683189	0.171114	-0.709910	0.365166	0.761824	0.535049	0.289706	0.147674	0.027030	0	33	0	42	1	62	2	34	3	41	4	60	5	49	6	39	7	30	25	45	54	61	8	31	26	57	9	46	10	58	40	11	12	47	13	38	14	63	15	16	17	56	32	52	36	48	50	18	43	37	19	59	29	53	20	27	21	51	22	35	23	55	44	24	28	
76.085373	183.835281	51.299793	4.256064	-0.818596	0.440048	0.369132	0.538296	0.363601	0.760284	0.200344	0.821068	-0.534518	0.289706	0.147674	0.027030	32	28	29	25	31	36	62	0	1	57	46	47	52	20	43	2	24	37	38	48	42	39	56	32	3	63	44	40	19	4	26	5	6	59	30	35	23	22	53	7	8	61	21	45	27	9	54	10	50	58	49	34	33	18	51	11	12	55	41	17	16	13	60	14	15	
183.355896	185.588074	51.190056	3.853187	-0.467588	0.808207	-0.357999	0.171265	0.480159	0.860300	-0.867197	-0.340953	0.362934	0.212185	0.143131	0.026629	0	30	29	47	33	32	0	62	1	53	2	63	3	4	5	37	6	49	7	31	8	34	9	58	10	61	11	41	28	12	13	39	48	59	46	51	38	14	15	43	16	40	17	57	18	36	19	42	35	56	20	52	21	22	23	60	24	50	25	44	26	54	27	55	45	
183.355896	185.588074	51.190056	3.853187	0.844420	0.359180	0.397423	-0.200624	-0.475854	0.856337	0.496694	-0.802840	-0.329760	0.212185	0.143131	0.026629	32	25	48	26	24	31	57	0	1	33	53	40	45	36	54	2	3	38	60	56	34	23	41	4	5	44	63	6	7	21	49	8	9	58	52	30	10	46	55	11	12	62	29	37	13	50	39	14	15	59	27	43	47	35	42	16	17	61	22	18	32	51	28	19	20	
89.546463	188.407944	52.753128	4.193542	-0.966934	-0.122242	-0.223819	0.253352	-0.360059	-0.897870	0.029169	-0.924886	0.379124	0.138533	0.093760	0.020199	0	51	0	48	1	47	56	22	27	40	2	24	3	59	50	30	45	39	4	42	5	53	44	58	34	37	6	7	8	61	36	32	49	21	20	9	10	60	63	11	12	54	23	41	29	43	46	28	31	13	14	15	16	57	25	33	55	35	17	18	19	52	26	38	62	
89.546463	188.407944	52.753128	4.193542	-0.815984	0.396372	0.420784	-0.534358	-0.239504	-0.810617	-0.220526	-0.886300	0.407236	0.138533	0.093760	0.020199	32	53	0	60	42	24	1	2	3	63	4	49	48	36	5	6	7	58	57	34	30	8	9	32	10	55	31	59	46	11	12	39	13	28	35	54	43	26	33	41	25	40	62	37	52	27	14	15	16	45	61	38	29	17	18	23	19	50	56	47	51	20	21	44	22	
89.546463	188.407944	52.753128	4.193542	-0.815984	0.396372	0.420784	0.537667	0.253026	0.804296	0.212331	0.882535	-0.419581	0.138533	0.093760	0.020199	32	28	38	62	44	0	23	1	2	49	51	56	47	3	45	4	5	43	55	35	29	25	39	34	26	52	40	60	42	6	7	8	27	30	32	57	58	9	31	10	11	46	59	33	54	12	41	13	14	37	61	15	53	16	17	18	24	48	50	19	63	20	21	22	36	
89.546463	188.407944	52.753128	4.193542	-0.872301	0.018230	-0.488629	-0.435330	0.426102	0.793048	0.222663	0.904492	-0.363753	0.138533	0.093760	0.020199	32	27	32	23	25	36	61	18	20	57	48	31	28	40	47	0	1	60	26	42	33	46	21	19	2	59	54	3	4	39	34	5	6	29	62	7	35	38	55	8	9	45	53	37	49	41	52	10	11	43	51	12	63	44	30	13	14	50	58	15	24	22	56	16	17	
190.762970	191.991760	52.794579	3.862192	-0.001494	-0.814449	-0.580233	-0.464599	-0.513244	0.721615	-0.885520	0.270654	-0.377625	0.116901	0.082058	0.009338	0	59	0	38	25	27	1	35	47	28	2	3	4	32	5	62	56	34	6	30	7	48	8	61	41	50	9	10	11	54	12	63	40	37	13	42	14	51	15	57	36	49	16	17	18	58	19	39	45	33	20	24	31	55	21	46	52	60	22	26	53	44	23	29	43	
190.762970	191.991760	52.794579	3.862192	0.035661	0.560450	0.827420	-0.805690	-0.473723	0.355599	0.591264	-0.679325	0.434655	0.116901	0.082058	0.009338	32	57	29	0	1	61	55	2	3	63	44	32	4	40	5	35	6	31	37	58	23	28	48	7	8	45	56	47	9	49	26	10	11	60	39	25	24	54	50	12	13	51	41	52	53	38	14	33	15	34	27	46	16	59	43	17	18	42	62	19	20	36	30	21	22	
174.084656	198.518356	52.437809	4.029209	-0.452820	0.572031	0.683912	-0.021772	0.759736	-0.649867	-0.891336	-0.309163	-0.331569	0.145361	0.065141	0.028883	0	52	29	56	27	41	0	55	24	58	1	35	2	23	3	47	25	61	4	63	5	6	7	38	8	62	9	48	10	11	12	36	30	37	50	40	54	26	13	46	14	60	28	39	45	15	16	49	17	57	32	42	59	18	19	34	20	53	33	31	51	21	22	44	43	
174.084656	198.518356	52.437809	4.029209	0.609232	0.407855	0.680067	-0.081945	-0.820625	0.565561	0.788747	-0.400286	-0.466529	0.145361	0.065141	0.028883	32	63	50	17	19	37	25	0	1	48	56	33	47	23	39	51	2	53	43	58	24	28	41	3	4	22	46	34	16	27	5	61	6	59	62	35	7	26	30	8	9	44	52	57	40	42	38	14	10	18	55	36	45	15	54	11	12	32	60	49	29	20	21	31	13	
174.084656	198.518356	52.437809	4.029209	0.609232	0.407855	0.680067	0.776155	-0.130905	-0.616804	-0.162542	0.903614	-0.396310	0.145361	0.065141	0.028883	32	50	58	41	44	0	18	1	43	30	27	19	47	60	49	2	21	29	23	42	51	3	14	4	53	56	35	40	59	5	20	6	25	17	62	22	61	7	24	8	36	32	37	45	55	57	28	9	26	33	48	16	63	10	15	11	34	52	38	39	54	12	31	13	46	
179.821045	192.846512	53.235161	3.912296	-0.503341	0.656211	-0.562170	-0.328409	0.456494	0.826898	-0.799247	-0.600833	0.014267	0.217930	0.124830	0.018326	0	50	32	41	26	27	0	57	1	63	2	36	3	29	4	45	5	58	6	38	7	25	8	55	9	62	10	34	11	44	12	53	13	61	31	35	43	30	14	52	15	56	16	49	24	42	17	47	18	59	28	39	60	19	20	48	21	54	22	33	37	40	23	46	51	
179.821045	192.846512	53.235161	3.912296	0.798092	0.449089	0.401705	-0.220594	-0.402627	0.888386	0.560702	-0.797628	-0.222267	0.217930	0.124830	0.018326	32	33	42	37	23	57	29	0	1	38	63	31	35	43	36	22	2	25	58	40	3	49	48	41	4	27	56	59	5	30	19	45	6	39	44	28	21	32	55	7	8	34	51	54	15	18	60	9	10	46	61	47	24	26	50	11	12	52	62	20	13	16	53	17	14	
83.116386	117.578064	54.365990	4.090375	-0.675224	0.709607	0.201323	0.140626	0.391776	-0.909250	0.724084	0.585636	0.364325	0.149379	0.074511	0.027706	0	29	36	37	63	0	1	2	46	30	53	34	55	3	4	5	6	49	40	62	60	7	8	9	10	45	50	59	52	11	12	13	14	56	39	33	47	15	16	17	41	48	61	18	42	19	20	21	31	57	43	32	51	22	23	24	38	44	54	25	58	26	27	28	35	
83.116386	117.578064	54.365990	4.090375	0.580760	-0.052545	-0.812377	0.775346	0.339836	0.532306	0.248105	-0.939016	0.238104	0.149379	0.074511	0.027706	32	50	34	58	23	46	53	0	1	63	27	60	28	51	2	3	4	41	54	55	30	26	36	5	6	61	40	37	7	45	8	9	10	49	32	56	39	25	48	11	12	47	35	52	59	33	13	14	15	29	57	43	38	16	44	17	18	42	62	24	31	22	19	20	21	
197.600372	117.403770	55.308250	3.690167	0.732195	-0.301422	0.610766	0.082806	-0.850693	-0.519099	-0.676042	-0.430657	0.597914	0.145078	0.108130	0.022537	0	0	1	2	18	20	3	36	63	28	33	16	25	39	29	37	58	4	17	50	57	45	5	56	55	19	46	48	43	27	24	59	44	6	7	8	26	60	9	52	34	31	38	22	30	41	15	49	47	10	11	12	32	61	13	53	51	23	35	21	42	40	14	54	62	
197.600372	117.403770	55.308250	3.690167	-0.600849	0.171885	0.780664	-0.534293	-0.812761	-0.232273	0.594569	-0.556664	0.580183	0.145078	0.108130	0.022537	32	61	17	20	19	57	34	41	31	63	56	47	45	29	12	10	0	43	49	1	2	32	62	3	14	58	44	54	42	37	46	4	5	25	48	18	28	40	22	53	30	50	60	27	35	39	6	26	13	51	55	11	23	33	36	24	21	52	59	7	15	38	16	8	9	
58.202965	176.838455	56.864437	4.136228	-0.492752	0.673605	-0.550864	0.704881	-0.062209	-0.706592	0.510233	0.736468	0.444158	0.301655	0.157612	0.023812	0	33	22	41	63	39	0	35	24	29	30	45	47	61	26	37	1	36	2	34	43	62	3	23	4	38	32	57	59	44	5	6	7	56	8	52	50	42	9	10	11	46	12	55	25	58	13	31	14	49	27	28	60	51	15	16	17	54	18	53	48	40	19	20	21	
58.202965	176.838455	56.864437	4.136228	0.640934	-0.647793	-0.411786	0.572257	0.045708	0.818799	-0.511591	-0.760444	0.400000	0.301655	0.157612	0.023812	32	29	21	25	17	62	49	0	1	42	56	41	38	24	31	2	36	47	45	37	44	59	32	3	4	50	52	5	6	35	43	33	55	39	22	27	18	19	63	7	8	61	16	40	23	54	20	15	28	30	57	34	46	9	60	10	11	58	48	12	13	51	26	53	14	
58.202965	176.838455	56.864437	4.136228	-0.067636	0.794534	0.603441	0.741155	-0.364890	0.563511	0.667918	0.485357	-0.564193	0.301655	0.157612	0.023812	32	31	39	27	33	54	57	0	1	47	42	52	49	53	2	30	3	45	37	4	51	59	44	5	6	60	41	7	8	55	9	10	11	25	28	36	29	63	22	26	12	24	58	13	56	40	32	14	15	38	34	50	62	48	23	16	17	43	61	18	35	46	21	19	20	
58.202965	176.838455	56.864437	4.136228	-0.067636	0.794534	0.603441	-0.810892	-0.396153	0.430716	0.581274	-0.460194	0.671076	0.301655	0.157612	0.023812	32	25	31	26	44	21	0	62	28	60	51	34	1	23	2	48	3	40	27	32	29	45	4	59	5	55	46	41	52	6	7	53	39	37	63	42	36	22	8	50	9	54	38	56	10	11	12	47	13	33	43	49	14	35	15	61	16	30	17	58	24	18	19	57	20	
58.202965	176.838455	56.864437	4.136228	-0.335229	0.526101	0.781562	0.755156	-0.345990	0.556803	0.563348	0.776858	-0.281303	0.301655	0.157612	0.023812	32	34	35	22	26	27	63	19	0	55	21	58	1	39	37	2	3	31	43	23	61	36	56	4	5	62	25	6	7	49	40	8	9	29	38	32	33	54	60	20	10	44	52	45	51	28	50	11	12	46	30	59	41	53	24	13	14	57	48	15	16	47	42	17	18	
175.494934	181.699707	56.316135	4.245586	-0.755187	0.621427	-0.208616	-0.479363	-0.306472	0.822366	-0.447106	-0.721043	-0.529332	0.184612	0.147046	0.030033	0	32	29	36	59	48	0	28	1	52	46	40	54	44	24	38	2	58	39	23	31	57	3	4	5	53	37	51	27	6	7	61	8	47	50	18	33	56	22	20	21	63	49	19	30	34	9	10	11	55	41	25	60	45	12	13	14	62	42	35	43	15	16	26	17	
175.494934	181.699707	56.316135	4.245586	-0.389772	0.433732	0.812376	0.889880	0.404456	0.211016	-0.237046	0.805166	-0.543615	0.184612	0.147046	0.030033	32	22	33	25	37	32	63	0	18	53	44	40	38	57	16	17	23	60	51	24	19	31	54	1	2	45	58	3	4	55	30	5	6	36	35	28	29	43	62	7	8	47	56	42	34	21	48	9	10	27	52	11	61	26	50	12	13	49	59	14	41	39	46	15	20	
175.494934	181.699707	56.316135	4.245586	0.465288	0.591528	0.658484	0.878357	-0.216502	-0.426164	-0.109525	0.776673	-0.620309	0.184612	0.147046	0.030033	32	30	27	33	60	26	24	19	22	61	37	39	49	29	25	0	1	53	56	47	32	38	41	2	3	54	59	46	17	4	5	6	7	34	36	28	62	18	21	8	9	48	45	40	58	50	44	10	11	57	52	20	51	23	31	12	35	43	55	13	63	14	15	16	42	
175.494934	181.699707	56.316135	4.245586	0.067404	0.591522	0.803466	-0.025750	-0.803998	0.594074	0.997393	-0.060733	-0.038961	0.184612	0.147046	0.030033	32	39	54	43	28	34	0	51	1	46	53	57	2	40	3	49	4	31	58	26	24	38	23	41	5	30	42	62	37	25	6	50	7	44	61	48	8	29	9	47	10	60	52	55	11	22	12	27	13	32	35	59	45	20	14	56	15	33	16	63	21	17	18	36	19	
216.455521	173.644135	58.514999	4.254010	-0.822843	0.567337	-0.032542	-0.290259	-0.468831	-0.834235	0.488549	0.676998	-0.550448	0.204731	0.050095	0.016197	0	0	1	2	3	42	41	59	57	4	5	6	7	8	9	61	10	11	12	13	14	60	46	58	48	15	16	17	18	52	19	49	20	21	22	50	23	47	24	55	44	25	26	43	27	28	29	63	30	31	32	39	33	54	53	56	45	34	35	40	36	51	37	62	38	
216.455521	173.644135	58.514999	4.254010	-0.434922	-0.439184	0.786104	-0.854688	0.476153	-0.206848	-0.283461	-0.761837	-0.582455	0.204731	0.050095	0.016197	32	50	42	41	39	0	1	2	3	57	52	56	53	4	5	6	7	55	62	8	9	33	32	10	11	61	51	46	36	34	38	12	13	59	40	14	15	16	17	18	19	60	58	44	49	20	21	22	23	63	43	24	25	26	27	28	29	54	48	47	37	45	31	35	30	
216.455521	173.644135	58.514999	4.254010	-0.434922	-0.439184	0.786104	-0.806780	-0.197679	-0.556802	0.399935	-0.876379	-0.268350	0.204731	0.050095	0.016197	32	42	58	46	0	1	2	3	4	51	56	59	5	6	7	8	9	48	63	10	37	11	12	13	14	39	60	40	49	34	36	15	16	45	54	38	35	17	18	19	20	44	61	55	47	21	22	23	24	52	62	25	26	27	28	29	30	57	53	50	41	43	31	32	33	
192.544357	186.165848	58.213284	4.144770	-0.103964	0.852037	0.513054	-0.562853	0.374894	-0.736648	-0.819993	-0.365358	0.440596	0.258378	0.146896	0.022936	0	37	0	50	1	35	27	46	52	31	2	3	4	30	26	43	63	36	5	33	6	59	7	57	47	61	8	9	10	49	11	41	40	38	25	12	13	53	24	51	28	60	14	15	16	62	17	44	39	22	23	18	32	56	19	54	42	58	20	29	55	48	21	34	45	
192.544357	186.165848	58.213284	4.144770	0.037757	0.571771	0.819544	-0.826578	-0.443006	0.347153	0.561554	-0.690524	0.455887	0.258378	0.146896	0.022936	32	44	35	26	29	62	43	14	0	38	53	40	49	57	1	42	2	58	39	48	19	50	41	15	3	36	59	13	16	46	4	27	12	31	33	45	21	34	63	5	6	56	47	61	25	37	32	24	7	20	51	30	52	22	60	8	9	55	54	17	18	23	10	11	28	
79.692383	143.641220	60.368092	4.210353	0.372263	-0.091425	-0.923614	-0.899860	0.208177	-0.383295	-0.227318	-0.973809	0.004773	0.175418	0.160064	0.011902	0	33	0	62	53	1	2	32	3	4	5	63	46	6	7	41	34	48	8	45	9	59	10	35	11	29	12	54	40	50	13	36	14	55	15	57	44	43	16	42	17	39	30	56	49	47	18	37	19	58	20	31	21	60	22	38	23	24	25	51	26	61	27	52	28	
79.692383	143.641220	60.368092	4.210353	0.393079	-0.840560	0.372758	-0.594175	-0.541580	-0.594683	0.701745	0.012274	-0.712323	0.175418	0.160064	0.011902	32	0	29	34	52	1	30	2	63	32	39	33	62	3	36	4	5	45	35	40	60	6	7	8	55	50	41	48	57	9	10	11	12	31	43	28	51	13	14	15	61	53	54	46	56	16	17	18	19	47	49	27	38	20	21	22	42	59	58	44	37	23	24	25	26	
79.692383	143.641220	60.368092	4.210353	0.393079	-0.840560	0.372758	0.623530	-0.054276	-0.779913	0.675795	0.538993	0.502779	0.175418	0.160064	0.011902	32	38	39	61	34	0	1	56	2	47	48	59	40	3	4	5	6	28	51	37	49	7	8	42	9	44	60	31	55	10	11	12	13	14	15	52	29	16	17	63	43	32	33	62	41	18	19	20	36	35	30	50	45	21	22	58	23	46	53	54	57	24	25	26	27	
79.692383	143.641220	60.368092	4.210353	-0.232281	0.492064	0.838999	0.273850	-0.794611	0.541848	0.933301	0.355621	0.049821	0.175418	0.160064	0.011902	32	40	37	35	29	50	54	0	1	63	48	56	2	3	4	5	6	33	32	7	8	59	55	9	10	62	47	11	12	44	31	13	14	41	42	30	36	53	49	15	16	43	58	45	60	17	18	19	20	38	34	21	22	61	52	23	24	51	57	25	26	46	39	27	28	
52.271961	163.684662	60.602894	3.962695	-0.789502	0.605479	-0.100406	0.380638	0.354710	-0.853988	0.481457	0.712444	0.510513	0.119489	0.083873	0.044431	0	49	41	37	51	55	0	26	1	44	34	25	35	63	2	3	4	23	60	24	58	20	5	28	6	33	53	36	54	48	7	30	8	45	9	43	52	50	10	29	11	61	22	59	32	38	12	21	13	47	31	46	27	40	14	56	15	57	42	62	39	16	17	18	19	
52.271961	163.684662	60.602894	3.962695	-0.187169	0.775161	0.603401	0.596007	0.577890	-0.557512	-0.780861	0.255283	-0.570165	0.119489	0.083873	0.044431	32	0	48	56	47	1	52	2	39	3	58	4	62	5	36	6	24	33	59	57	49	7	45	8	9	10	55	30	27	11	63	12	29	13	50	14	41	34	46	15	44	16	32	17	60	26	28	18	43	38	54	51	37	40	53	19	20	21	35	22	25	31	61	23	42	
52.271961	163.684662	60.602894	3.962695	-0.187169	0.775161	0.603401	-0.086703	-0.624896	0.775879	0.978494	0.092904	0.184170	0.119489	0.083873	0.044431	32	45	27	54	43	30	0	58	1	35	32	38	2	39	28	57	3	52	37	29	4	56	5	25	6	53	59	40	26	23	33	20	7	50	60	48	42	21	8	49	9	36	22	31	10	61	11	55	12	62	51	44	13	47	14	34	15	63	16	24	17	46	18	41	19	
55.492290	173.641068	60.666843	4.239359	-0.483986	-0.765927	-0.423217	0.738145	-0.097574	-0.667548	0.469999	-0.635480	0.612590	0.238546	0.173599	0.035062	0	29	51	34	62	26	0	22	1	27	31	52	49	59	2	40	3	44	25	32	37	63	4	5	6	55	7	58	46	45	8	9	10	60	39	50	38	41	11	33	20	47	28	57	30	48	12	24	13	43	23	35	61	42	14	15	36	54	21	53	56	19	16	18	17	
55.492290	173.641068	60.666843	4.239359	-0.040646	0.795948	0.603999	0.765159	-0.363951	0.531105	0.642558	0.483742	-0.594233	0.238546	0.173599	0.035062	32	42	29	25	0	61	38	23	1	47	43	46	40	53	2	30	45	63	24	3	28	57	22	4	5	58	37	6	7	59	8	9	10	31	34	27	33	60	56	20	11	44	55	39	49	52	26	12	13	36	35	14	62	48	41	15	16	54	51	17	32	50	21	18	19	
196.657852	179.620636	60.813526	4.334397	-0.521996	0.806984	-0.276219	-0.486009	-0.015278	0.873820	-0.700939	-0.590375	-0.400177	0.304060	0.151641	0.023878	0	60	43	19	0	37	32	38	52	46	1	2	3	33	25	35	63	36	4	5	6	44	28	53	61	62	7	8	9	40	29	21	48	57	10	11	12	50	20	49	31	55	13	14	15	56	27	42	47	39	24	22	34	59	30	41	26	51	16	17	18	54	58	23	45	
196.657852	179.620636	60.813526	4.334397	0.351471	0.421397	0.835998	-0.873937	-0.172531	0.454387	0.335713	-0.890314	0.307635	0.304060	0.151641	0.023878	32	24	35	28	0	57	60	1	11	38	63	43	2	19	46	3	4	37	42	5	49	56	47	6	12	45	61	16	17	27	25	22	26	29	32	33	30	62	51	7	13	40	53	41	39	48	50	31	8	36	34	54	59	52	23	9	14	44	58	10	21	20	55	18	15	
184.719238	162.849854	61.827843	3.829257	-0.915554	0.397460	-0.061540	0.339332	0.681216	-0.648690	0.215906	0.614793	0.758561	0.164869	0.051682	0.011092	0	63	0	11	1	59	37	13	25	62	23	39	29	52	16	15	18	38	2	22	45	60	36	40	21	47	3	58	27	48	20	46	24	44	4	31	19	61	26	28	32	54	5	49	51	41	14	17	12	34	6	43	56	57	35	7	33	53	30	42	50	55	8	9	10	
184.719238	162.849854	61.827843	3.829257	-0.835680	0.409141	0.366392	0.548838	0.597347	0.584768	0.020389	0.689769	-0.723743	0.164869	0.051682	0.011092	32	63	48	27	39	35	24	0	1	34	47	52	51	33	50	2	9	23	22	11	14	43	61	3	4	42	44	59	25	21	19	58	10	53	60	40	46	20	36	12	18	45	32	55	41	49	38	5	6	13	28	17	29	30	62	8	15	37	56	57	54	16	26	31	7	
184.719238	162.849854	61.827843	3.829257	-0.835680	0.409141	0.366392	-0.548158	-0.579937	-0.602658	-0.034088	-0.704470	0.708915	0.164869	0.051682	0.011092	32	26	17	28	13	14	11	62	30	53	55	54	40	0	29	24	16	48	36	60	52	18	12	35	22	41	56	32	43	1	2	33	50	15	8	23	25	3	4	61	49	31	59	39	46	9	58	19	21	38	27	44	63	5	6	20	37	57	47	45	42	10	7	51	34	
89.245819	148.456360	62.551105	4.130027	-0.088141	-0.279662	-0.956044	0.332581	0.896441	-0.292889	0.938947	-0.343777	0.013997	0.167873	0.154632	0.024612	0	0	1	63	35	43	2	42	3	4	5	62	32	6	7	50	8	9	10	40	11	61	12	41	13	53	14	54	15	55	16	28	17	29	18	52	39	47	19	57	36	46	30	56	49	38	20	45	33	51	21	37	22	58	23	48	34	59	24	44	25	60	26	31	27	
89.245819	148.456360	62.551105	4.130027	0.313090	-0.847446	0.428731	-0.052169	0.435399	0.898725	-0.948290	-0.303748	0.092108	0.167873	0.154632	0.024612	32	31	54	38	30	43	42	0	1	58	55	53	49	2	3	4	5	34	46	6	7	61	63	8	9	47	56	32	33	41	39	10	11	48	40	36	35	57	12	13	14	51	44	52	59	15	16	17	18	50	26	25	19	62	45	24	20	60	29	37	23	22	28	27	21	
89.245819	148.456360	62.551105	4.130027	-0.128573	0.602934	0.787362	0.135214	-0.775879	0.616221	0.982439	0.185692	0.018232	0.167873	0.154632	0.024612	32	36	49	0	38	50	39	1	2	35	62	48	55	3	4	5	6	44	43	7	8	63	47	9	10	37	61	27	11	12	34	13	33	56	26	29	31	54	45	14	15	60	52	53	51	16	17	18	19	42	41	20	21	59	57	22	23	58	46	40	28	32	30	24	25	
80.756241	178.291885	63.425152	4.467452	0.632890	-0.512272	-0.580541	-0.753703	-0.236076	-0.613352	-0.177151	-0.825740	0.535510	0.528222	0.375015	0.069587	0	44	20	52	32	33	42	0	58	23	13	34	56	41	31	38	51	43	22	1	2	53	60	3	21	27	39	18	35	46	62	10	29	28	4	47	37	61	55	26	59	36	12	54	50	24	19	5	30	17	6	7	16	63	49	8	40	48	11	25	15	57	45	9	14	
80.756241	178.291885	63.425152	4.467452	-0.428376	0.797287	0.425237	-0.818564	-0.143100	-0.556305	-0.382684	-0.586392	0.713931	0.528222	0.375015	0.069587	32	28	40	25	33	31	54	44	45	27	62	19	52	0	18	1	2	50	43	30	26	20	55	41	47	34	61	46	35	3	23	4	5	14	17	21	16	24	51	57	39	58	37	56	49	6	7	38	8	36	42	29	22	53	60	48	15	63	59	32	9	10	11	12	13	
80.756241	178.291885	63.425152	4.467452	-0.428376	0.797287	0.425237	0.777578	0.085538	0.622941	0.460290	0.597508	-0.656595	0.528222	0.375015	0.069587	32	28	22	38	43	31	41	59	55	26	29	56	63	0	1	2	3	17	16	15	14	46	57	50	39	49	58	36	60	19	35	4	5	30	20	45	51	48	25	54	18	37	42	62	32	6	7	23	8	34	21	33	24	47	44	53	27	52	9	61	40	10	11	12	13	
100.741135	148.813019	64.877388	4.180707	-0.934610	-0.142916	-0.325698	0.278297	0.276387	-0.919870	0.221482	-0.950361	-0.218541	0.213005	0.071788	0.041338	0	0	1	60	56	2	3	48	4	5	21	35	61	6	7	8	9	54	29	59	47	49	10	33	11	24	19	63	57	22	12	13	14	41	32	43	45	42	15	52	39	34	58	30	55	28	16	44	37	38	20	27	18	62	31	36	25	46	51	50	53	40	23	17	26	
100.741135	148.813019	64.877388	4.180707	0.819680	-0.208269	-0.533619	0.569966	0.203634	0.796035	-0.057127	-0.956639	0.285621	0.213005	0.071788	0.041338	32	56	46	25	30	52	60	0	1	63	38	41	42	43	2	3	4	37	47	22	20	31	57	35	34	62	54	5	6	7	8	9	10	58	23	40	18	55	26	45	11	61	32	49	39	24	12	27	13	28	36	29	14	53	44	50	19	48	59	33	51	15	16	21	17	
100.741135	148.813019	64.877388	4.180707	0.819680	-0.208269	-0.533619	0.432900	-0.384836	0.815168	-0.375130	-0.899180	-0.225282	0.213005	0.071788	0.041338	32	38	46	27	26	39	62	18	20	63	49	33	35	29	0	1	2	23	54	28	17	34	52	47	36	31	60	16	42	3	15	4	5	59	50	21	25	48	56	6	7	61	58	40	45	24	8	9	10	43	37	30	22	55	44	19	11	57	53	41	51	32	12	13	14	
100.741135	148.813019	64.877388	4.180707	0.819680	-0.208269	-0.533619	0.193752	-0.775851	0.600429	-0.539059	-0.595549	-0.595597	0.213005	0.071788	0.041338	32	24	45	21	20	0	59	39	51	48	62	25	23	1	29	2	3	22	40	4	46	47	52	43	41	31	56	27	58	5	19	6	7	38	60	30	32	28	61	8	9	44	63	50	36	10	11	12	13	54	35	33	26	55	42	14	15	57	53	49	37	34	16	17	18	
206.271713	184.142319	64.254044	4.029250	-0.657396	-0.660167	-0.363333	0.751990	-0.543773	-0.372589	0.048400	-0.518161	0.853913	0.139187	0.108194	0.045724	0	62	0	1	2	36	33	30	39	26	22	3	4	56	59	45	47	60	5	6	25	46	48	38	28	17	31	7	8	43	49	63	9	24	10	11	32	53	51	20	58	18	19	12	37	41	34	57	42	13	14	15	54	55	52	21	50	27	23	16	35	61	40	44	29	
206.271713	184.142319	64.254044	4.029250	0.385300	0.403470	0.829913	-0.782512	0.619530	0.062103	-0.489100	-0.673345	0.554425	0.139187	0.108194	0.045724	32	59	28	23	0	55	51	1	2	30	60	3	4	63	34	5	6	62	36	42	7	33	43	8	9	26	50	10	11	52	35	53	37	47	49	22	24	56	19	40	12	29	45	13	14	41	20	57	15	61	27	32	31	54	38	21	16	46	58	17	18	48	39	44	25	
64.487076	206.332245	64.380051	4.175339	-0.407150	-0.307188	0.860154	-0.519281	0.852586	0.058686	-0.751383	-0.422767	-0.506647	0.167711	0.078057	0.040383	0	62	39	38	40	32	0	25	49	35	34	31	44	1	2	29	63	41	21	52	54	3	23	4	53	5	6	37	27	7	51	24	60	22	33	45	59	8	28	43	46	9	10	26	11	12	55	47	61	13	14	57	58	15	16	42	36	17	18	48	19	20	30	50	56	
64.487076	206.332245	64.380051	4.175339	-0.404287	-0.407808	-0.818685	0.900744	-0.022130	-0.433787	0.158784	-0.912800	0.376277	0.167711	0.078057	0.040383	32	61	27	32	15	50	0	45	1	62	44	22	2	42	30	21	18	26	28	58	54	17	3	38	4	48	47	43	53	49	29	5	6	46	37	36	57	40	7	35	8	59	34	39	9	41	23	52	25	24	10	55	63	11	12	31	13	56	19	60	20	51	33	16	14	
64.487076	206.332245	64.380051	4.175339	-0.404287	-0.407808	-0.818685	-0.819804	0.558462	0.126656	0.405553	0.722366	-0.560102	0.167711	0.078057	0.040383	32	63	54	24	36	0	18	1	28	23	31	22	53	17	35	58	44	26	27	51	42	2	3	33	56	4	5	49	61	20	39	29	32	40	50	6	55	7	8	9	34	45	52	43	62	10	11	37	25	41	21	47	59	12	13	14	48	38	15	60	46	19	16	30	57	
64.487076	206.332245	64.380051	4.175339	-0.404287	-0.407808	-0.818685	0.595829	0.561680	-0.574023	0.693930	-0.719867	0.015904	0.167711	0.078057	0.040383	32	50	17	38	22	44	0	57	1	52	2	56	3	35	26	32	29	47	48	55	21	4	5	43	6	59	45	36	20	33	23	61	7	31	62	39	58	8	9	34	10	30	25	51	27	53	18	42	46	11	19	54	60	12	13	37	14	40	28	63	49	41	15	16	24	
64.487076	206.332245	64.380051	4.175339	-0.404287	-0.407808	-0.818685	-0.481887	0.855760	-0.188308	0.777391	0.318383	-0.542490	0.167711	0.078057	0.040383	32	40	62	44	39	0	1	19	34	18	21	46	51	25	45	49	48	17	2	59	41	3	4	52	53	23	5	60	42	28	24	37	29	6	61	7	55	8	9	10	33	11	30	43	63	20	22	47	16	57	27	31	56	12	13	14	38	54	35	50	36	26	15	32	58	
64.487076	206.332245	64.380051	4.175339	-0.404287	-0.407808	-0.818685	-0.805228	-0.265812	0.530050	-0.433774	0.873520	-0.220914	0.167711	0.078057	0.040383	32	62	56	0	1	2	34	3	4	24	63	5	43	23	18	22	47	61	41	33	45	6	35	7	20	21	51	19	46	50	44	16	48	31	57	54	30	8	38	9	10	40	37	53	49	11	58	28	32	12	42	17	55	13	52	14	59	15	39	26	60	25	27	29	36	
83.872925	208.278320	64.622742	4.544647	-0.149156	0.610313	0.777991	-0.150969	0.763513	-0.627899	-0.977221	-0.211107	-0.021744	0.286530	0.092881	0.030159	0	0	23	1	53	2	3	4	61	5	24	6	59	7	31	8	57	9	54	10	37	11	56	12	55	13	44	14	47	15	49	16	62	38	32	35	45	17	18	36	50	58	22	28	34	43	19	40	46	52	25	60	41	20	30	33	48	51	29	39	26	27	21	63	42	
83.872925	208.278320	64.622742	4.544647	-0.196457	-0.574103	0.794865	-0.157000	-0.781785	-0.603459	0.967862	-0.243347	0.063453	0.286530	0.092881	0.030159	32	46	29	43	17	45	63	24	0	37	35	61	27	30	41	47	22	1	34	2	3	55	57	4	5	31	50	6	21	42	56	18	7	32	58	39	44	40	62	20	8	9	25	60	53	23	19	49	10	11	26	12	28	59	54	13	14	33	51	36	38	52	48	15	16	
83.872925	208.278320	64.622742	4.544647	-0.196457	-0.574103	0.794865	-0.536041	-0.615909	-0.577335	0.821014	-0.539502	-0.186743	0.286530	0.092881	0.030159	32	55	22	49	40	61	48	16	18	23	15	58	52	11	13	42	47	34	21	0	1	59	51	2	3	41	44	33	17	46	56	29	12	32	53	14	36	57	60	25	4	26	43	30	62	39	10	37	38	20	27	31	28	63	35	5	6	50	45	7	19	54	24	9	8	
83.872925	208.278320	64.622742	4.544647	-0.196457	-0.574103	0.794865	0.434279	0.675866	0.595489	-0.879094	0.462181	0.116543	0.286530	0.092881	0.030159	32	30	17	26	15	0	1	42	63	31	12	46	49	2	11	28	54	39	33	56	35	3	20	62	51	61	41	40	16	38	43	14	36	4	5	22	29	6	7	55	58	13	25	44	37	8	24	57	45	32	47	18	53	9	21	52	60	48	59	34	23	27	50	19	10	
83.872925	208.278320	64.622742	4.544647	-0.589798	-0.454703	0.667371	-0.563065	-0.360843	-0.743471	0.578875	-0.814271	-0.043203	0.286530	0.092881	0.030159	32	60	37	54	34	53	48	19	18	32	13	61	45	23	17	43	47	26	15	0	1	55	59	2	3	51	50	31	4	40	46	14	5	36	62	33	49	56	39	20	6	38	24	42	57	35	7	25	44	29	27	28	22	63	41	8	9	58	30	16	10	52	21	11	12	
83.872925	208.278320	64.622742	4.544647	-0.589798	-0.454703	0.667371	-0.071510	-0.793759	-0.604014	0.804379	-0.403970	0.435641	0.286530	0.092881	0.030159	32	42	52	37	0	30	63	1	31	49	51	57	2	38	44	41	20	19	34	3	36	4	62	5	6	32	56	7	8	26	53	9	10	43	60	58	11	29	50	25	24	27	12	59	13	18	23	54	35	22	47	28	14	48	61	15	16	40	55	39	33	45	46	21	17	
201.786102	169.409958	65.052849	3.843266	-0.643159	0.241574	-0.726628	-0.750123	-0.389393	0.534498	0.153824	-0.888828	-0.431652	0.212118	0.154510	0.033905	0	54	0	38	1	37	2	52	50	3	4	34	5	6	7	62	56	41	8	27	9	47	10	55	60	49	11	30	12	59	31	39	46	42	13	40	14	32	15	58	28	16	17	29	18	45	19	63	20	35	21	22	33	53	23	51	57	36	24	25	48	61	26	44	43	
201.786102	169.409958	65.052849	3.843266	-0.775780	-0.595949	-0.207388	-0.413743	0.232263	0.880268	-0.476426	0.768699	-0.426754	0.212118	0.154510	0.033905	32	19	63	0	32	44	24	1	2	46	62	3	29	36	28	4	5	25	60	34	53	52	30	6	7	26	59	8	23	17	31	9	22	39	33	42	21	61	40	10	11	45	55	57	43	38	47	12	20	37	41	50	56	54	49	13	14	51	58	15	18	27	48	16	35	
201.786102	169.409958	65.052849	3.843266	-0.775780	-0.595949	-0.207388	0.401061	-0.719424	0.567080	-0.487150	0.356754	0.797127	0.212118	0.154510	0.033905	32	33	28	32	40	41	0	61	1	52	48	37	56	54	21	25	2	63	55	3	4	26	5	36	6	59	50	43	7	27	8	34	9	44	46	31	51	57	18	42	10	62	22	39	11	49	35	12	13	58	53	14	47	45	15	38	16	60	23	20	24	30	29	19	17	
58.380623	184.507736	65.523285	4.274607	-0.333750	0.858234	-0.389929	0.608301	-0.119917	-0.784596	0.720126	0.499053	0.482042	0.283681	0.191336	0.019098	0	46	27	31	63	41	0	26	1	55	2	50	51	34	3	4	5	40	6	32	59	53	7	23	8	44	9	57	62	29	10	11	12	58	39	49	54	13	14	15	16	37	33	56	45	22	17	24	43	60	47	48	36	38	18	19	30	52	28	42	35	20	21	25	61	
58.380623	184.507736	65.523285	4.274607	0.453718	-0.633474	-0.626778	0.795956	-0.028211	0.604697	-0.400742	-0.773250	0.491417	0.283681	0.191336	0.019098	32	35	31	28	22	62	45	0	1	47	54	53	25	60	2	3	4	41	29	55	39	58	23	5	6	51	57	24	20	36	7	18	8	30	38	32	26	49	61	9	10	48	52	50	42	33	56	11	12	34	59	40	44	46	43	13	14	63	37	21	17	27	19	16	15	
51.251495	168.051651	66.176239	3.782186	-0.440634	0.856525	0.268712	-0.049992	-0.322287	0.945321	-0.896294	-0.403107	-0.184830	0.189595	0.086785	0.053193	0	34	29	37	27	46	0	56	1	50	52	62	36	2	3	4	5	61	30	32	31	48	6	33	7	60	35	59	44	28	8	9	10	43	38	45	26	47	11	54	12	51	13	63	25	14	15	16	17	41	18	39	49	40	19	42	55	53	20	58	57	21	22	23	24	
